"","CH4_flux","dbh","log_tree_mcra","log_tree_pmoa","log_tree_mmox","log_soil_mcra","log_soil_pmoa","log_soil_mmox"
"CH4_flux",1,-0.063,0.017,-0.096,-0.1,0.326,0.179,0.232
"dbh",-0.063,1,-0.179,-0.065,-0.204,0.015,-0.275,-0.002
"log_tree_mcra",0.017,-0.179,1,0.013,0.059,-0.023,0.06,-0.016
"log_tree_pmoa",-0.096,-0.065,0.013,1,0.064,0.102,-0.037,0.01
"log_tree_mmox",-0.1,-0.204,0.059,0.064,1,-0.087,0.171,0.022
"log_soil_mcra",0.326,0.015,-0.023,0.102,-0.087,1,0.02,0.327
"log_soil_pmoa",0.179,-0.275,0.06,-0.037,0.171,0.02,1,0.545
"log_soil_mmox",0.232,-0.002,-0.016,0.01,0.022,0.327,0.545,1
