tree_id,dbh,species_id,CO2_concentration,CH4_concentration,N2O_concentration,O2_concentration,CO2_best.flux_75cm,CO2_best.flux_RootCrowncm,CO2_best.flux_125cm,CO2_best.flux_200cm,CO2_best.flux_50cm,CH4_best.flux_75cm,CH4_best.flux_RootCrowncm,CH4_best.flux_125cm,CH4_best.flux_200cm,CH4_best.flux_50cm,Temp_Air_75cm,Temp_Air_RootCrowncm,Temp_Air_125cm,Temp_Air_200cm,Temp_Air_50cm,VWC_mean,ORP_mean,SoilTemp_mean,OrganicDepth_mean,MineralDepth_mean,outer_moisture_fresh_percent,inner_moisture_fresh_percent,middle_moisture_fresh_percent,outer_moisture_dry_percent,inner_moisture_dry_percent,middle_moisture_dry_percent,outer_density_final,inner_density_final,middle_density_final,ddpcr_mcra_Inner_loose,ddpcr_mcra_Inner_strict,ddpcr_mcra_Outer_loose,ddpcr_mcra_Outer_strict,ddpcr_mcra_probe_Inner_loose,ddpcr_mcra_probe_Inner_strict,ddpcr_mcra_probe_Mineral_loose,ddpcr_mcra_probe_Organic_loose,ddpcr_mcra_probe_Organic_strict,ddpcr_mcra_probe_Outer_loose,ddpcr_mcra_probe_Outer_strict,ddpcr_mmox_Inner_loose,ddpcr_mmox_Inner_strict,ddpcr_mmox_Mineral_loose,ddpcr_mmox_Mineral_strict,ddpcr_mmox_Organic_loose,ddpcr_mmox_Organic_strict,ddpcr_mmox_Outer_loose,ddpcr_mmox_Outer_strict,ddpcr_pmoa_Inner_loose,ddpcr_pmoa_Inner_strict,ddpcr_pmoa_Mineral_loose,ddpcr_pmoa_Mineral_strict,ddpcr_pmoa_Organic_loose,ddpcr_pmoa_Organic_strict,ddpcr_pmoa_Outer_loose,ddpcr_pmoa_Outer_strict,ddpcr_16s_arc_Outer_loose,ddpcr_16s_arc_Outer_strict,ddpcr_16s_bact_Outer_loose,ddpcr_16s_bact_Outer_strict,ddpcr_mcra_probe_Mineral_strict,ddpcr_16s_arc_Inner_loose,ddpcr_16s_arc_Inner_strict,ddpcr_16s_bact_Inner_loose,ddpcr_16s_bact_Inner_strict,plot
7809,NA,NA,NA,NA,NA,NA,1.792717670860517,1.0172190531752383,NA,NA,NA,-0.02380574937971071,0.13936343399724624,NA,NA,NA,24.40916118793071,23.73676491022483,NA,NA,NA,NA,NA,NA,NA,NA,NA,NA,NA,NA,NA,NA,NA,NA,NA,NA,NA,NA,NA,NA,NA,NA,NA,NA,NA,NA,NA,NA,NA,NA,NA,NA,NA,NA,NA,NA,NA,NA,NA,NA,NA,NA,NA,NA,NA,NA,NA,NA,NA,NA,NA,Ridge
ab 3/5,45,FAGR,376.482728040026,0,0.321819873794263,214375.066716836,NA,NA,2.063185682237477,1.7500305347718987,2.616714919304074,NA,NA,0.01109004483290311,0.00839378271222148,0.01833880560864712,NA,NA,21.7,21.7,21.7,11.941666666666666,313,17.75,5.125,17.375,37.296758104738146,38.175344904316866,36.83703917605159,59.48138720967226,61.74776849985603,58.32063395306308,0.6035316262196424,0.6668995666117778,0.6300309467472627,1414.0221233270602,40.36367243650007,87.70467615441251,0,533.4203264542991,88.87705412142155,0,0,0,82.7668136671967,0,1600.8484728482335,0,430.4040059465012,40.968045078475036,348.1417058132998,18.314462785180062,1432.7817841580065,0,101.666678959618,0,67059.73349626784,11191.39191653585,57685.5012056703,14846.79023641584,103.3093682245204,0,NA,NA,NA,NA,NA,NA,NA,NA,NA,Lowland
ab 4/6,22,FAGR,4422.56976628962,0,0.44464082223403,194648.977555202,NA,NA,2.106682490378033,2.2174360058590215,2.3142312130243057,NA,NA,0.03860493880367492,0.00354735441501163,0.02985146356237618,NA,NA,21.6,21.6,21.6,14.15,368,17.575,6.125,18.5,38.813964610234336,37.28373702422146,40.60773480662984,63.43598561825856,59.44827586206897,68.37209302325581,0.6141889616492289,0.6264785016040672,0.5954592300834415,406.58066428276453,101.62712362283837,597.0206628635816,49.733382135103255,207.35023113397418,0,0,36.39653437119687,18.197791757770432,42.230566012648794,0,919.5302860646276,0,1085.8815992513794,77.44996770515712,672.6084370645162,57.60140714081184,883.6651520131538,0,547.3637302290963,0,48277.16582247444,9924.366182668084,65659.03881391532,14235.568225831905,1584.4075593555342,0,NA,NA,NA,NA,NA,NA,NA,NA,NA,Lowland
ab 6',NA,FAGR,NA,NA,NA,NA,NA,NA,2.732199545176293,1.681807323977035,2.082571363692511,NA,NA,0.22379322211812389,0.20549477568212737,0.25343529355402106,NA,NA,21.8,21.8,21.8,NA,NA,NA,NA,NA,NA,NA,NA,NA,NA,NA,NA,NA,NA,NA,NA,NA,NA,NA,NA,NA,NA,NA,NA,NA,NA,NA,NA,NA,NA,NA,NA,NA,NA,NA,NA,NA,NA,NA,NA,NA,NA,NA,NA,NA,NA,NA,NA,NA,NA,Lowland
ab1,25.5,FAGR,43945.2893588015,42526.2300787133,0.851204923003888,128805.928609958,NA,NA,3.073672639199462,2.3433018337744778,2.8961474488679873,NA,NA,0.08164334395882705,0.13392622123116,0.04042388236246425,NA,NA,19.2,19.2,19.1,10.441666666666666,297.5,17.025,7.875,13.5,38.61810980305865,46.02986255314942,37.5701390583069,62.91450080659619,85.287651154269,60.17975771785853,0.5356511203753396,0.5240336646367814,0.5016226767371805,66723.50981525173,61214.37750130058,327.41953235967236,93.53546849514294,204287.56286050653,77288.01620340771,56.4694013367917,0,0,44.7091382944219,0,1484.3085658884463,0,1151.076099535798,88.41083405118707,453.860306739807,64.8014634847641,494.89568455953224,61.84608356788552,1195.9090132579627,348.6276578123327,98885.46541035904,17200.85357154547,81131.1584472657,16919.62852478028,430.60220279383583,107.62994051207552,NA,NA,NA,NA,NA,NA,NA,NA,NA,Lowland
ab10,20,FAGR,17080.2089140518,0,0.732905144377349,177814.526633601,NA,NA,2.1921591786904195,1.6573207761917357,2.144831379315677,NA,NA,0.10342425930409752,0.07398460745423047,0.04808708062835479,NA,NA,20.4,20.4,20.4,6.022222222222222,107.66666666666669,16.7,3.2666666666666666,14.166666666666666,38.55716707477869,37.55946454253789,39.79988882712618,62.75291232372779,60.152374202693125,66.11265004616807,0.62638248957317,0.541891902383656,0.5789589613677092,2317.1570691277434,0,487.03038030200565,88.52939224905417,412.0969276103415,0,0,0,0,0,0,706.973750859696,0,941.2307186457639,125.35041885609138,498.46767427820527,142.34734409253113,1863.4214997291597,0,274.7915734518441,91.58713956316817,79260.12815361141,20480.957693106007,178987.29450685537,39516.22520745132,1747.5802037450972,116.38913096653125,NA,NA,NA,NA,NA,NA,NA,NA,NA,Ridge
ab11,25,FAGR,27617.9157328268,12.1729198977291,0.892324762858263,151590.342663141,NA,NA,1.9675304961880784,2.0886715828673306,2.8041327966843195,NA,NA,0.08823900015928558,0.08473011279021538,0.10509318661792294,NA,NA,18.6,18.7,18.5,11.641666666666666,260.25,17.075,3.875,16.25,40.804918949133594,38.64674138646742,39.18648992191756,68.93295561850803,62.990527740189464,64.43714541654225,0.5083837036005419,0.5676231266640989,0.5609635231588262,824.2893466609867,193.88040113166102,808.7009045566309,0,449.6175563653784,179.8192431558843,18.5841645,17.75961370763782,0,0,0,2296.7926472513877,0,470.502769947051,21.372887492179856,436.81859017941787,20.78861280823478,432.5812932443198,0,261.6949445769763,130.83766714755416,56039.2181396484,15897.750091552742,67799.92770843991,16750.817481702135,366.2660177961266,61.03355995763411,NA,NA,NA,NA,NA,NA,NA,NA,NA,Ridge
ab2,24,FAGR,25698.0247938682,42910.5142880997,0.823643565388635,173321.051053574,NA,NA,1.5360232536001768,1.8578244939537325,2.101497328013367,NA,NA,0.03235384981939449,0.03762007713520451,0.09705822109293068,NA,NA,19.2,19.2,19.2,NA,NA,NA,NA,NA,38.98734177215189,46.329113924050624,36.947240012198854,63.90041493775932,86.32075471698111,58.59733978234585,0.5553335867092605,0.5292183143052289,0.5189669905357109,2253293.3969966737,1495538.5968984838,377.4889753011664,0,4937410.9487064555,22560.927385840918,19.356632961783443,0,0,0,0,777.463688225041,91.42728573311885,1135.466418638351,85.56763730516111,409.16909634227403,55.76724160305222,704.9091750226063,0,455.02132893911477,259.9806204193927,80716.00859332226,17249.471822362055,63948.022367808684,12695.488235760184,669.6782416262588,182.58797021205794,NA,NA,NA,NA,NA,NA,NA,NA,NA,Lowland
ab2/3,NA,FAGR,NA,NA,NA,NA,NA,NA,NA,NA,NA,NA,NA,NA,NA,NA,NA,NA,NA,NA,NA,10.1,258.25,17.25,9,17.25,NA,NA,NA,NA,NA,NA,NA,NA,NA,NA,NA,NA,NA,NA,NA,NA,NA,NA,NA,NA,NA,NA,NA,NA,NA,NA,NA,NA,NA,NA,NA,NA,NA,NA,NA,NA,NA,NA,NA,NA,NA,NA,NA,NA,NA,NA
ab3,26.5,FAGR,10259.9782863342,108.681571271276,0.606282408407651,201391.573439226,NA,NA,2.5010468442374183,2.3196555085344865,2.1028813707644747,NA,NA,0.02309216882944466,0.30750498643508,0.097544536888635,NA,NA,19.2,19.2,19.2,NA,NA,NA,NA,NA,37.94303109371602,35.13195098963243,35.0503018108652,61.14225648213034,54.159099164547776,53.96530359355639,0.5480366723610751,0.5286422421198458,0.5191404283686449,1163.7608685561888,145.38241274048826,223.1754446297549,0,633.9412556880969,105.62382959292846,NA,NA,NA,0,0,797.4261302126627,0,NA,NA,NA,NA,712.9037815533356,54.816914240965666,2922.2409690966456,203.5494198639431,NA,NA,NA,NA,1192.7020014002107,0,NA,NA,NA,NA,NA,NA,NA,NA,NA,Lowland
ab4,36,FAGR,16009.0418979604,1689.04870677313,0.718980611632827,182457.360236866,NA,NA,2.125710829502194,1.814952200715906,2.1250178296058873,NA,NA,0.09051960484804908,0.05328695018806736,0.09800477065715252,NA,NA,20,20,20,11.983333333333334,278,17.65,10,19,42.86570144782826,34.96897264996553,39.169562505568926,75.02621461027613,53.772751369499915,64.39138713929987,0.5493808407936357,0.5433320828471135,0.5594692172541944,579.2672054123427,96.51805236118518,1447.020895842213,0,470.6729058610835,104.57221169771262,0,35.416688089937864,0,44.40837961149349,0,888.3623337579288,0,1161.0788790133636,231.9067422109159,430.7063575066166,74.86699677749294,457.7742695023398,0,306.0619323584043,0,102656.90498201265,17167.701645802146,61865.04835796025,13133.899342746996,278.1793068628321,0,NA,NA,NA,NA,NA,NA,NA,NA,NA,Lowland
ab5,36.5,FAGR,20684.884306959,600.229718913169,0.793796927504801,176004.374172842,NA,NA,4.251626527412619,4.061806736188291,0.5910610872351545,NA,NA,0.04367667059645302,0.0652126919522954,0.04258261510757062,NA,NA,26.1,26.1,26.1,18.941666666666663,330.75,18.2,4.875,12.5,49.65966690803765,40.23908318514128,41.79910044977511,98.64787111622556,67.3334435443875,71.81865018031942,0.667475638797161,0.5807767748970118,0.600229811812087,495.3756984358213,49.52423113763443,206.36982875858408,0,440.91674892361135,48.97915057516457,83.30350836320191,55.96721796212001,18.65474202791409,46.68086908842676,0,1209.9296413711493,105.14108369766416,768.758134032948,103.78800305841638,345.36209604605165,90.85164859826058,1765.8300952766351,0,363.14266819444,60.5127174847569,59879.57643351673,14779.514736599405,46691.40995751732,12397.368340139394,214.27820220646268,0,NA,NA,NA,NA,NA,NA,NA,NA,NA,Lowland
ab501,26.5,FAGR,3399.9256668122,306.70607502813,0.417343230178649,205137.012612034,NA,NA,3.0527487208147597,2.3419136028560623,2.8827648415415505,NA,NA,0.08045139974500033,0.12298489746885696,0.04071264773573442,NA,NA,20.2,20.2,20.2,10.258333333333333,315.75,17.325,5.75,19.875,43.68941545089593,40.42861579873693,38.838454376163874,77.58650669448795,67.8658324643726,63.50142721217888,0.5521651896896537,0.5524532257823452,0.5666478238596753,240940.195333347,200160.3359967979,160.95474161006322,0,542009.9942462497,4747.769524974207,18.155726992143656,0,0,88.86602696419692,0,1717.9073712857444,609.1765338374722,666.8078645177441,57.102211329805826,765.6299121645175,127.4893869429316,1138.2653849005237,0,902.0010196732826,240.43855591336052,50960.823341652074,10914.335882356003,108655.96836669825,25843.21516940068,420.3291645841709,52.52980788932346,NA,NA,NA,NA,NA,NA,NA,NA,NA,Lowland
ab6,42.5,FAGR,49000.9830457899,12970.5694001484,1.02115021757507,127857.955181093,NA,NA,3.132949315429035,3.518363218960248,0.9262451187446834,NA,NA,0.10137586727964666,0.1348353682561318,0.01754791357115699,NA,NA,25.5,25.5,26,15.008333333333333,364.25,18.5,4.75,18.625,36.78593848085374,43.57268274651142,41.005203144027455,58.19265143992056,77.21912872584343,69.50647401013322,0.5801046906807316,0.5862494606581509,0.5992599117487069,7051.211871286322,216.0185875099324,198.9599710500302,49.735289500203216,236.3661894064357,78.78082184604915,90.11074533359809,19.12894258868993,0,362.87109145964627,0,1718.2334356036454,0,717.629034240819,81.94041131411971,162.68215068112164,54.21896590797804,569.0341612094203,51.713423646839885,219.49155899129292,0,38658.269347417496,9864.710549497726,29481.221339803553,8044.5291121391965,1786.7654508682847,0,NA,NA,NA,NA,NA,NA,NA,NA,NA,Lowland
ab6',31,FAGR,10481.6428658776,0,0.618259903871507,198402.606247762,NA,NA,NA,NA,NA,NA,NA,NA,NA,NA,NA,NA,NA,NA,NA,12.991666666666667,352,17.775,6.5,19.375,38.813964610234336,36.975296244225746,36.41073951954781,63.43598561825856,58.667941363926055,57.25925925925927,0.565510861984361,0.6025715059106707,0.6295717977034502,3645.9791008383027,138.1734691676682,210.42133321856508,0,339.7897380637002,0,38.510685370152764,0,0,43.655734619881855,43.655734619881855,724.2586871143433,0,649.1551668187278,121.62375043898147,536.727440357208,64.3642142415048,2251.932231506495,0,1721.624576020986,172.0077525533269,46468.4276827353,11520.167215170242,76198.292541504,16341.008377075199,372.78292497785935,0,NA,NA,NA,NA,NA,NA,NA,NA,NA,Lowland
ab8,26,FAGR,NA,NA,NA,NA,NA,NA,NA,NA,NA,NA,NA,NA,NA,NA,NA,NA,NA,NA,NA,NA,NA,NA,NA,NA,NA,NA,NA,NA,NA,NA,NA,NA,NA,NA,NA,NA,NA,NA,NA,NA,NA,NA,NA,NA,NA,NA,NA,NA,NA,NA,NA,NA,NA,NA,NA,NA,NA,NA,NA,NA,NA,NA,NA,NA,NA,NA,NA,NA,NA,Lowland
ab9,20,FAGR,11837.9324913561,0,0.636811612212289,199280.032532826,NA,NA,1.8617245478267417,1.964762815833172,1.8638641309517947,NA,NA,0.1870678481866868,0.12790477045643944,0.26312623419436226,NA,NA,21,21,21,8.566666666666666,169.66666666666666,16.7,3.1666666666666665,18.166666666666668,40.05089058524174,35.85651314789482,NA,66.80814940577251,55.90047393364931,NA,0.565510861984361,0.5851686458493337,NA,512.8090186874465,186.4411895818047,161.69190851396027,53.89387872611477,384.9040753770579,76.96724911727524,19.296941317365267,0,0,138.3678767116624,0,1067.8195422238664,0,1367.1418150028085,197.80800728026975,270.1313411652925,57.86750035509892,763.7779051805486,0,161.16903781300692,0,90915.60226714551,21262.300228644282,50590.04333854432,10497.163746454931,275.53708479884045,0,NA,NA,NA,NA,NA,NA,NA,NA,NA,Ridge
abt 14p,25,FAGR,6814.40028161555,72.3245100851613,0.521980215726348,190581.258640693,NA,NA,3.536476317047492,2.92554091896632,2.2043911643717786,NA,NA,0.06833452944703404,0.12422401854256036,0.04699247311747177,NA,NA,23.2,23.2,23.2,10.25,322.25,17.7,4.5,17.875,37.18629594918255,38.17552961521834,42.34527687296416,59.20092838196288,61.74825174825177,73.4463276836158,0.5791445703717598,0.5491888167318413,0.5221659892648042,1217.2696081180047,152.06414012654346,187.14729657107222,46.78225012888651,520.9994836918362,65.10760743641154,38.59519727760736,39.0067071760004,0,73.55604942151463,0,720.878654313319,0,775.7829513652194,101.08824625062798,1017.301543792592,195.40477992047232,603.6100419582248,0,466.40333620089905,51.810057128517386,62434.73035426236,11744.90071513171,114392.83286468888,20179.53275125238,137.69979674317557,0,NA,NA,NA,NA,NA,NA,NA,NA,NA,Lowland
bb1,27,BELE,59176.434740265,0,1.17890121998695,132418.064658931,NA,NA,1.5170651340328374,1.0939432988387232,1.5165240417029076,NA,NA,0.00290843533390316,0.06304092954409911,0.09391884364842425,NA,NA,19.1,19.1,19.1,7.458333333333334,295.25,17.55,11.25,20.25,34.17693417693418,30.664521717609205,35.75645134086692,51.92242833052278,44.22630733535606,55.65765292727749,0.569351343220248,0.5379554091168718,0.5509337536717984,1593.7910998548427,53.078478918070935,469.7874928217821,46.96738292079208,548.9691644762745,121.96265774105518,39.87692330677291,20.147988800438238,0,776.8504100270792,97.06853566193318,884.8094293939619,0,666.1944655308197,58.73110724160388,413.6299124705761,35.94817844771297,961.1025007425743,101.11890371287129,4727.58908008675,298.4401318249146,34201.17442826354,7002.876289337272,89946.02334910433,13465.324913072727,4598.150749017698,357.42929223740424,NA,NA,NA,NA,NA,NA,NA,NA,NA,Lowland
bb10,28.5,BELE,10899.6475748342,0,0.612926398401787,193111.376781233,NA,NA,1.5103435344899503,1.2975294945402704,1.658525397081525,NA,NA,0.02846794295135537,0.01044767052450438,0.01050251111867776,NA,NA,21.6,21.6,21.6,20.75,430.25,17.5,9.75,0,32.99372112308968,44.36337478162573,40.10309278350515,49.23974540311173,79.73771702992242,66.95352839931151,0.5430440467544221,0.5198091352773057,0.5213363546846609,438.46347928047146,0,494.9765698198198,0,182.43625760078402,60.80789677798748,NA,19.11200506521331,0,800.7338992110211,213.45808251842044,977.357983589175,0,NA,NA,269.812471238618,17.980746542578277,1297.464957957958,0,9506.519794464075,359.142355620861,NA,NA,144659.5490998255,15580.160995709575,8417.942860462987,443.9767416533048,NA,NA,NA,NA,NA,NA,NA,NA,NA,Ridge
bb10',29,BELE,492.669917327783,0,0.310372834517956,214172.118979666,NA,NA,1.3360486677861678,1.3744573281897186,1.094474369494951,NA,NA,0.01672641971899745,0.02095677668363757,0.03133189355371616,NA,NA,22.3,22.3,22.3,46.475,395.5,13.925,10.75,14.75,38.332308953083384,37.15080690038954,43.04101221640488,62.1594684385382,59.11103240658757,75.56491765607046,0.5779924260009938,0.5421799384763475,0.5821816364898377,424.47214669520343,53.04774287903666,100.77848099415206,0,922.997163073849,246.03724037066513,0,20.371267171166885,0,359.4323034174956,0,971.3598702213563,0,927.0385427127769,213.70886417436193,427.72838817056777,37.17301521941974,1065.0730445906433,106.44795906432748,1052.9732940220617,58.46522969774681,56728.62897262761,9232.199718377848,79175.90600556896,15666.973009687812,330.25848760939476,0,NA,NA,NA,NA,NA,NA,NA,NA,NA,Ridge
bb11,31.5,BELE,1069.70335039501,0,0.320592591449359,183815.514620703,NA,NA,1.8768058585245344,1.5871536395092145,1.683195296916794,NA,NA,0.00906221926803266,-0.0209250609395718,0.00176418522139733,NA,NA,19.3,19.3,19.3,17,372.75,14.8,8.5,7.166666666666667,37.38767650834403,44.870370370370374,35.80342210214846,59.712967708867225,81.39066174000672,55.77154308617235,0.5619584168411655,0.5716556319617803,0.5501837783381989,442.2695577493188,63.16743834674014,279.22562475,0,11938.776886254022,126.81458951436989,18.397763021868787,21.19315283652617,0,444.871366024017,0,654.08664488653,0,1027.1553016799107,167.49353697949326,973.0060816379279,77.74113330507782,969.3103732499999,0,9570.144073307896,0,153165.9408781685,20139.24448911996,152562.88754173092,39179.05278770195,327.78885215520825,0,NA,NA,NA,NA,NA,NA,NA,NA,NA,Ridge
bb12,26.5,BELE,3194.88174009835,0,0.402419660102655,214820.970171208,NA,NA,1.1150462260102314,1.2525456219981548,1.3554146769361468,NA,NA,-0.002268627053581,4.922439090822501e-4,0.00387121335722509,NA,NA,20.5,20.4,19.3,12.3,423.25,17.925,5.875,4.625,36.91121300541892,46.349931475559615,37.54789272030652,58.506772381896255,86.39305177111716,60.122699386503086,0.5812568350514978,0.5637826454282119,0.5902129013270169,1004.1249238125449,150.54569985431533,282.4870258536585,0,1385.5321932647182,395.64370217613344,19.864648523622048,25.65366290334803,0,403.2945051425839,0,1858.7088061947907,0,781.758751456193,130.17101785329388,780.8072046494806,45.88098138430868,958.3733429268293,0,12898.094751542496,607.0341302057805,136710.7511505366,19087.127625472916,52941.895426718904,11062.062402286443,407.7702615319229,0,NA,NA,NA,NA,NA,NA,NA,NA,NA,Ridge
bb13,31,BELE,14076.5151561267,1862.56100150169,0.632428564943841,182996.705192437,NA,NA,1.0719706984334345,0.6550402314842328,1.6726054874535328,NA,NA,0.01704255161996727,0.02676174850516504,0.03251057416599537,NA,NA,20.8,21.8,20.8,18.4,360.25,18.225,6.5,9.0625,36.77672441974501,39.64733881436608,43.38552687261954,58.169596690796254,65.69277648324073,76.63327851696813,0.5570618032654097,0.5356511203753396,0.5316427770456986,508.59924937997545,50.84663141696228,542.63730375,0,162.8406988900335,0,0,0,0,748.5723942518235,106.90004378557201,932.8983724117262,0,1000.9385526666749,106.34406248604886,407.32195575647586,45.233998065760446,962.00725425,48.075462,6331.565124647963,240.3652650259792,194733.73347852106,32968.787242594444,115927.55197786973,28758.918570365397,736.3460808992385,105.15467450022673,NA,NA,NA,NA,NA,NA,NA,NA,NA,Ridge
bb14,24.5,BELE,1079.27235809318,0,0.317765721835691,187307.235340235,NA,NA,NA,NA,NA,NA,NA,NA,NA,NA,NA,NA,NA,NA,NA,13.575,379.5,17.325,1.625,13.125,35.65076798706548,44.40973208368834,36.16628175519631,55.40201005025125,79.8876021798365,56.65701881331405,0.6114046127532108,0.5637826454282119,0.5769070726082431,1286.3552570343002,0,2668.1224698616597,46.73886684782608,290.35790022029437,48.38585507038026,19.705521105826392,0,0,819.3495657604223,51.18679181624778,379.55765114274135,54.21177419119102,500.558850030978,62.530689765383464,438.04511061554325,20.84685671220782,2292.187376235178,95.38759313241106,9900.589211042512,331.7901076272474,75522.54185806985,10158.385731519054,86665.42652199713,18639.334225635695,2005.824281764128,462.4730866888295,NA,NA,NA,NA,NA,NA,NA,NA,NA,Ridge
bb16,33.5,BELE,7408.57625260165,68.5676147219959,0.538915340328104,179661.094950356,NA,NA,NA,NA,NA,NA,NA,NA,NA,NA,NA,NA,NA,NA,NA,23.125,367.5,17.025,3.875,13,33.30510268896887,52.93378790597524,34.655658477648004,49.93650793650794,112.46664125047658,53.03543913713404,0.6048757946522028,0.5036791140865803,0.6049690102161807,828.0687994806661,45.982485685102574,665.9885395522388,0,861.6464527425215,53.827098456016614,19.731365543735222,0,0,621.7699887147589,95.62826868313434,1150.5038827059957,0,480.14577962546093,104.32311758645598,344.0076591776929,0,747.7198074626865,0,13025.669108830729,337.2549711803997,88175.8344934341,19139.274074112556,147988.69880758628,47413.782899925936,4080.229730748418,264.3750452283605,NA,NA,NA,NA,NA,NA,NA,NA,NA,Ridge
bb16',25,BELE,5596.62607249925,0,0.479037778641216,167843.326260457,NA,NA,1.356183818177609,1.69916116230797,1.615158308711767,NA,NA,1.7369375055023594e-4,0.01195150586567658,-0.00361778342098211,NA,NA,22.3,22.3,21.4,16.325,411.5,17.2,4.25,7.375,NA,NA,NA,NA,NA,NA,NA,NA,NA,27933.604515676237,19457.564062001748,4626.76580201005,0,142450.19362202185,154.6645064569424,0,NA,NA,832.5172429108719,260.07767897754417,1263.035021439934,57.37034489913862,977.6912302563686,127.37109733883712,771.2822683323957,128.42695855202365,657.122608040201,0,34662.92511965029,626.1721644387645,123455.04456297067,24814.289089973132,208424.6343313857,44393.12614506342,5509.838147379045,480.07951609453335,NA,NA,NA,NA,NA,NA,NA,NA,NA,Ridge
bb2,30.5,BELE,NA,NA,NA,NA,NA,NA,NA,NA,NA,NA,NA,NA,NA,NA,NA,NA,NA,NA,NA,NA,NA,NA,NA,NA,NA,NA,NA,NA,NA,NA,NA,NA,NA,NA,NA,NA,NA,NA,NA,NA,NA,NA,NA,NA,NA,NA,NA,NA,NA,NA,NA,NA,NA,NA,NA,NA,NA,NA,NA,NA,NA,NA,NA,NA,NA,NA,NA,NA,NA,Lowland
bb3,31,BELE,8533.2702994423,0,0.564704599113915,174915.500017333,NA,NA,2.6380777242118065,2.3035484321754676,3.5362930418979444,NA,NA,0.02910386307057134,0.03121311979196346,0.02334897756150951,NA,NA,19.8,19.8,19.8,13.85,269.5,19,5.5,22.125,38.58632676709154,45.21712723959915,36.428927680798,62.8301886792453,82.53880266075387,57.30425231445159,0.5597501401305305,0.5196171112155114,0.5258548237432938,1014.9157508956131,53.38732393637905,618.97784475,0,447.1077730781157,111.7555459715288,0,0,0,931.1276078224201,219.0004885196685,752.7906821287834,0,828.1731716293351,106.06391262371226,340.9313778710628,22.71890912992188,1050.022602,0,9825.31393178051,294.3395665646075,58762.56253799622,11342.70325770363,43390.607278477844,6503.5895380918355,1000.3107190132123,105.24248331785175,NA,NA,NA,NA,NA,NA,NA,NA,NA,Lowland
bb4,34,BELE,NA,NA,NA,NA,NA,NA,NA,NA,NA,NA,NA,NA,NA,NA,NA,NA,NA,NA,NA,NA,NA,NA,NA,NA,NA,NA,NA,NA,NA,NA,NA,NA,NA,NA,NA,NA,NA,NA,NA,NA,NA,NA,NA,NA,NA,NA,NA,NA,NA,NA,NA,NA,NA,NA,NA,NA,NA,NA,NA,NA,NA,NA,NA,NA,NA,NA,NA,NA,NA,Lowland
bb5,31.5,BELE,742.380578755373,0,0.337612664864827,184199.964530373,NA,NA,1.751024357774725,0.32889644530258044,0.7284647657793087,NA,NA,0.00344694311422396,0.00270627453343509,0.01399340143723131,NA,NA,22.1,22.1,22.1,34.95,475.25,16,5,10.666666666666666,31.20121169754165,43.31459067950061,40.48201187565491,45.351397121083814,76.41223940820441,68.01643192488264,0.5669510424478187,0.5710795597763971,0.578516621813247,927.0230062652972,109.01054125592988,1230.244180114252,47.284873261109134,439.5765757300808,54.93498784817601,52.21795199767261,22.337864863192966,0,0,0,883.6430825137982,0,579.4047638831729,20.676145808376756,546.6643888989995,60.69826081642904,1327.179108313686,60.282345113205196,1584.2079879980054,169.5993678539078,51658.8256930639,11227.439779750688,53913.70995310867,14199.003187890856,2092.076920148895,184.39243188289225,NA,NA,NA,NA,NA,NA,NA,NA,NA,Ridge
bb6,29.5,BELE,1147.91857044082,0,0.347076471112451,191727.409635874,NA,NA,1.077973712475313,0.7768193062376766,1.6119978643698456,NA,NA,-0.00165588260375085,0.00467294065173972,-0.00178156125634413,NA,NA,22.2,22.2,22.2,23.35,453,18.575,6,15.75,32.013237727523446,38.47918715175352,35.07088331515813,47.08745740710694,62.546616941928605,54.014108162579774,0.5917221464192898,0.5406437459819927,0.5298995476101042,315.54017748151483,0,455.40090562707366,91.06019702814511,369.48252781271384,52.7736074818766,34.75533751470012,0,0,171.30516840956304,0,909.85894203186206,0,615.8924579433428,164.13079388512662,659.528656268684,164.76480862287073,1222.4304261122343,0,8943.909377300099,107.86194152432734,61108.05868868826,12241.11379805101,71101.71881247696,20031.38910128377,1542.3494134438195,0,NA,NA,NA,NA,NA,NA,NA,NA,NA,Ridge
bb7,32,BELE,777.432906032189,0,0.332210007276708,184879.663346378,NA,NA,2.032228649659912,2.059657533291313,1.357953005384946,NA,NA,0.01777076422140866,0.00556676581642692,-0.00954212779672746,NA,NA,22.8,22.8,22.8,39.03333333333333,426.3333333333333,18.266666666666666,5.666666666666667,13.333333333333334,36.61055458019209,39.20631391729656,39.545750923712234,57.754969045291624,64.49076613640517,65.41434477799748,0.5893218456468604,0.5250897969766504,0.5814445110831535,678.6537401023362,90.45676727380061,385.3231581330994,0,2042.5447395869644,300.0754596931592,17.917471004384215,0,0,49.781086936331654,0,1081.3468446334227,0,547.8913112197957,101.39697954064597,282.6915846930609,37.67907263415113,1042.1352776867618,0,10532.11234864732,128.46347609800964,52974.57321367676,11435.86564320595,81206.38210428794,18782.230545827835,325.7426514960176,0,NA,NA,NA,NA,NA,NA,NA,NA,NA,Ridge
bb8,22.5,BELE,575.826955269734,0,0.310553362758032,207782.8636608,NA,NA,0.8269867366582193,0.984799198729414,1.6792166582789712,NA,NA,0.01485835876942113,0.0185167525974431,0.00755580848060163,NA,NA,22.3,22.3,22.3,20.95,462.5,19.175,8.75,7.75,36.105822226676025,44.24247548190735,NA,56.50878293601005,79.34799090219865,NA,0.612172709000388,0.6331993437668694,NA,94531.51300761753,1034.3576088929772,1202.1982208145878,627.0280187392783,475586.4156956688,76567.94599658049,18.00690882694541,0,0,4129.1081562061145,2620.942957233173,899.6757347020015,0,1273.760950662256,302.8459042206881,698.9920210695539,73.51282649411407,922.0935618865591,0,29677.96977768597,217.22411837672936,215671.712097806,13078.979775742246,253121.6375842066,38645.660948610486,19562.36800465591,65.13915726657892,NA,NA,NA,NA,NA,NA,NA,NA,NA,Ridge
bb9,34,BELE,46385.395148782,116.895146682249,0.934835219805851,134351.574606334,NA,NA,2.2914186180687848,2.3984775985751283,2.281593748936076,NA,NA,0.00591599706529596,0.00804188566524294,-0.00155000452908625,NA,NA,22.1,22.1,22.1,29.833333333333336,434.6666666666667,18.2,7.333333333333333,11,33.383985973115145,39.1555354312882,35.08114856429463,50.11405509738552,64.35348837209303,54.038461538461526,0.5471725640830005,0.5160646660723158,0.6274770347699754,1041.7297095261165,446.29914297061646,367.8967235702102,91.95965779299803,3116.2666746695795,1684.4293265760346,17.51310078095947,18.047355115413676,0,194.25577899016932,48.55989487749512,1136.4595320961357,0,673.9024381825549,56.1057063849631,278.74009057938355,0,652.4803614852453,0,2919.937924081256,385.0772704380542,61393.26680766103,14438.941249088435,77514.74192019991,19723.30643725488,3316.4057401147206,63.65845219628643,NA,NA,NA,NA,NA,NA,NA,NA,NA,Ridge
bbgt1,NA,BELE,11991.0999976891,7.47453706529252,0.66051697358212,178009.874853008,NA,NA,2.96433244886449,3.1036796347293025,3.5430974898308025,NA,NA,0.02630893107691928,0.0180657300722723,0.02312802994834348,NA,NA,27.2,27.2,27.2,33.791666666666664,264.5,17.875,0.5,19.5,39.048140043763674,47.246254484068366,31.22834469654634,64.06390235146293,89.56,45.40874370225908,0.5348830241281622,0.4800601544858753,0.5773671091774024,677.8687536418735,0,151.100769639015,0,494.4586670482073,0,133.6283772,20.11576518416406,0,48.54627884924415,0,1111.775993943574,0,10982.15103149415,1837.495136260986,13682.8342437744,831.142830848694,1797.419607639315,59.85503084957603,7696.088853773153,1314.5665367404647,346215.307617189,9080.0817489624,350777.05078125,48596.356201171795,730.342224240303,0,NA,NA,NA,NA,NA,NA,NA,NA,NA,Lab
bbx1,31.5,BELE,11204.5989639909,0,0.64420096919258,188087.712873774,NA,NA,3.6725498303609183,3.386628718363363,3.9941307352627193,NA,NA,0.02904102325242993,0.01455509886021489,0.04656669652096985,NA,NA,26.2,26.2,26.2,31.108333333333334,194,18.5,0.5,20.625,32.95277009974763,39.78468610136688,29.241342137178272,49.14859293780248,66.07071112896745,41.3254618167968,0.5356511203753396,0.4779478898061374,0.5233124083880696,407.7899079878352,90.60321393811603,423.32183342785606,52.903921568440516,196.79608420260874,49.194783985036096,37.84625648219814,83.47893735314155,20.867831831080448,93.5865013561923,0,273.89242811110415,0,5805.535951265974,1483.4509176366469,4137.335584321371,151.6466358756277,991.2654084166281,110.08463375460634,9605.874830079321,206.55936841825852,218458.07527240957,11844.003901762124,253405.09080701295,38735.966367016634,43453.702758009655,7979.039593155133,NA,NA,NA,NA,NA,NA,NA,NA,NA,Lab
bbx2,32,BELE,NA,NA,NA,NA,NA,NA,NA,NA,NA,NA,NA,NA,NA,NA,NA,NA,NA,NA,NA,NA,NA,NA,NA,NA,NA,NA,NA,NA,NA,NA,NA,NA,NA,NA,NA,NA,NA,NA,NA,NA,NA,NA,NA,NA,NA,NA,NA,NA,NA,NA,NA,NA,NA,NA,NA,NA,NA,NA,NA,NA,NA,NA,NA,NA,NA,NA,NA,NA,NA,Lab
bbx3,22.5,BELE,NA,NA,NA,NA,NA,NA,NA,NA,NA,NA,NA,NA,NA,NA,NA,NA,NA,NA,NA,NA,NA,NA,NA,NA,NA,NA,NA,NA,NA,NA,NA,NA,NA,NA,NA,NA,NA,NA,NA,NA,NA,NA,NA,NA,NA,NA,NA,NA,NA,NA,NA,NA,NA,NA,NA,NA,NA,NA,NA,NA,NA,NA,NA,NA,NA,NA,NA,NA,NA,Lab
bbx4,35.5,BELE,NA,NA,NA,NA,NA,NA,NA,NA,NA,NA,NA,NA,NA,NA,NA,NA,NA,NA,NA,NA,NA,NA,NA,NA,NA,NA,NA,NA,NA,NA,NA,NA,NA,NA,NA,NA,NA,NA,NA,NA,NA,NA,NA,NA,NA,NA,NA,NA,NA,NA,NA,NA,NA,NA,NA,NA,NA,NA,NA,NA,NA,NA,NA,NA,NA,NA,NA,NA,NA,Lab
bbx6,20.5,BELE,6415.70855644719,0,0.535193385316109,196712.813452238,NA,NA,1.766928308696303,1.9718544774071445,3.1522490225189257,NA,NA,0.00484935789928773,0.0383973564879053,0.03684902147052361,NA,NA,26.4,26.4,26.4,34.041666666666664,212,18.275,0.5,20.25,35.755642207255114,47.417683436403145,NA,55.65569247746921,90.17800381436749,NA,0.5220174119879407,0.4724020162691785,NA,799.6802330017125,188.09484690427803,494.1577580826121,0,358.3158999681472,153.546139597893,167.75736691449814,145.2429971393317,36.305008613937616,0,0,326.31395012140274,54.3772839009762,3589.321866797705,1004.928394764329,8966.87602587203,1047.0060667271075,1388.1178907940193,0,25015.339851379427,490.1506751775742,88624.67202112137,10317.383734266998,384120.16809382464,72397.76009556265,31901.058545858108,868.4722019859439,NA,NA,NA,NA,NA,NA,NA,NA,NA,Lab
bbx7,21.5,BELE,19193.2853735529,0,0.890683875437142,176971.103061411,NA,NA,3.414266979370229,2.724321773615443,4.1478787629291185,NA,NA,0.00770846605281065,0.1562626648914217,-0.00270351749985487,NA,NA,26.8,26.8,26.8,32.541666666666664,255.75,17.875,0.5,22.625,28.43662331038,38.38171710932674,28.740468051538254,39.73627940128296,62.28949478748997,40.33210332103321,0.5388195173949464,0.47890801011510914,0.4580855699495501,549.8055595224901,149.91288705694592,197.83613483506824,98.91250174477739,284.31366531109626,47.379229979168045,41.865637485195414,111.27497799958589,0,46.05463412831504,0,557.910840390092,0,10372.14454623772,4179.317490931237,16310.697343940894,671.0195394436652,493.78844608823607,0,22266.870956953342,324.99740095224155,197718.37670484002,9984.440357375424,400314.5779226145,59113.54805545203,7089.802943377857,477.9610530551213,NA,NA,NA,NA,NA,NA,NA,NA,NA,Lab
bbz1,NA,BELE,NA,NA,NA,NA,NA,NA,3.376352396390261,3.3708704094676274,2.299775978029548,NA,NA,0.117347038415371,0.11495890839479814,6.908684876590517e-4,NA,NA,27.25,27.2,27.2,NA,NA,NA,NA,NA,NA,NA,NA,NA,NA,NA,NA,NA,NA,NA,NA,NA,NA,NA,NA,NA,NA,NA,NA,NA,NA,NA,NA,NA,NA,NA,NA,NA,NA,NA,NA,NA,NA,NA,NA,NA,NA,NA,NA,NA,NA,NA,NA,NA,NA,Lab
bc1,28.5,PRSE,800.442512323882,0,0.283489106187637,201635.59547741,NA,NA,1.198159671743726,1.2193269173780965,1.2938396396120178,NA,NA,0.03876898467306566,0.01936917771860043,0.03530971150853196,NA,NA,19.4,19.4,19.4,11.75,331,15.6,9.375,18.25,42.733602875112304,NA,NA,74.62247499509706,NA,NA,0.4895653455446956,NA,NA,NA,NA,305.8381479528931,0,NA,NA,0,0,0,116.60828033544993,0,NA,NA,551.0078183418243,39.329000160879964,188.52202035120766,17.134130571937753,409.4297812109528,0,NA,NA,16646.061489426662,5374.353716597069,62141.48590747397,7481.6992334392035,331.0297066399852,55.16270445785854,1507.0813652163972,120.46861420862886,438.0110874627961,62.55924492728551,0,NA,NA,NA,NA,Lowland
bc2,31,PRSE,24060.9646955968,0,0.818854181841841,160729.490257375,NA,NA,1.580847195354537,1.20195709511046,1.6160063366308246,NA,NA,0.05750519480714191,0.04378766425940337,0.02770976969923288,NA,NA,22.9,22.4,22.8,16.908333333333335,410.5,15.625,13.25,13.25,42.74572542745725,39.99805030220316,NA,74.65944813133078,66.6612510154346,NA,0.5497648889172243,0.5909540501721124,NA,290.30978512071295,82.93525808977016,103.30624994368846,0,211548.6380980185,6646.771685699494,0,0,0,106.05707967559655,0,0,0,729.9577334683242,83.3458074024264,470.04448715597465,36.134517722530376,471.6691948792346,0,263.6529554131996,0,24456.11837843923,6362.931862012014,36312.17703223242,7663.886994123457,371.4063259182272,123.78425043844551,3544.020861503215,696.0291951778796,31974.02712899891,25067.821087076485,0,NA,NA,NA,NA,Ridge
bc4,49,PRSE,124122.848699871,0,1.22548934570175,9776.8967334013,NA,NA,1.2328775145220408,1.3805974048427765,1.1795499335115465,NA,NA,0.02374444627120966,0.02533417130709003,0.02317914457396426,NA,NA,21,22.5,21.9,13,375.25,18.05,9.5,12.875,41.69453734671126,43.02906680265171,NA,71.51051625239006,75.5281059792338,NA,0.5021429215922255,0.5241626315398944,NA,265.89240989912554,0,974.6071826889219,114.60358032073654,1360.7397349643886,93.7763660790671,0,0,0,0,0,360.9743865417912,0,744.1077534060436,144.56417270737066,287.4859892730171,19.15833796099285,434.1929586997545,0,653.1640205895216,0,84372.71209243186,22280.81335454078,23796.834562405347,3422.7802398356976,583.9840468182506,58.38094627952196,419.87942865645266,59.97049685315303,488.0058901955878,365.97902704757496,0,NA,NA,NA,NA,Lowland
bc5,34,PRSE,NA,NA,NA,NA,NA,NA,NA,NA,NA,NA,NA,NA,NA,NA,NA,NA,NA,NA,NA,NA,NA,NA,NA,NA,NA,NA,NA,NA,NA,NA,NA,NA,NA,NA,NA,NA,NA,NA,NA,NA,NA,NA,NA,NA,NA,NA,NA,NA,NA,NA,NA,NA,NA,NA,NA,NA,NA,NA,NA,NA,NA,NA,NA,NA,NA,NA,NA,NA,NA,Lowland
bo1,25,QUVE,42496.5307692319,11525.0918179167,0.993627022256524,157973.462660618,NA,NA,1.7733210961801498,1.773522236570969,2.1339696147344163,NA,NA,0.17128716647764866,0.17112916113516544,0.3117193953069769,NA,NA,19.2,19.1,19.1,9.6,284.25,17.675,11,17.75,50.826304011017385,49.059151126487215,49.17220407703571,103.36075617013827,96.30611230743747,96.74274318635057,0.5485167325155611,0.5796246305262458,0.5683398418664101,601.2999461312439,0,50.71045853108524,50.71045853108524,695.4623395385518,92.69598984578182,0,0,0,80.68281407672062,0,939.9276523016649,0,517.2700932605547,43.07641394958075,1120.587213758077,97.3007949202826,0,0,318.1511899283073,0,89822.46152816278,23988.128740144093,63037.489019512555,14752.583070234808,59.97867839210536,0,57.7897493879634,0,226.0820799139863,0,0,NA,NA,NA,NA,Lowland
bo2,38,QUVE,NA,NA,NA,NA,NA,NA,NA,NA,NA,NA,NA,NA,NA,NA,NA,NA,NA,NA,NA,NA,NA,NA,NA,NA,NA,NA,NA,NA,NA,NA,NA,NA,NA,NA,NA,NA,NA,NA,NA,NA,NA,NA,NA,NA,NA,NA,NA,NA,NA,NA,NA,NA,NA,NA,NA,NA,NA,NA,NA,NA,NA,NA,NA,NA,NA,NA,NA,NA,NA,Lowland
bowser,44.5,QURU,213.027834187551,0,0.171675091838755,147850.508807963,NA,NA,3.5461838014840392,7.087850178683491,11.455883011911226,NA,NA,0.05363428329576511,0.0395801989994478,0.04893788076691117,NA,NA,22.1,22.1,22.1,NA,NA,NA,NA,NA,50.88175236680898,50.02789511436997,48.114280299440914,103.59032501889642,100.11164274322168,92.73125741941374,0.5080956675078504,0.6019954337252875,0.6029520302528754,383.609214583088,85.23072604723355,260.7863682966966,104.30492962209087,321.4100379176723,80.3405010367877,NA,NA,NA,0,0,587.4634742518882,0,NA,NA,NA,NA,193.43001767993005,0,390.24473980096406,0,NA,NA,NA,NA,55.356162528579084,0,2919.1054976903506,118.95075798607787,35250.85082420935,28314.908651205216,NA,NA,NA,NA,NA,Ridge
cul8r,NA,BEAL,2511.63576204891,0,0.384832937589161,210954.698576142,NA,NA,NA,NA,NA,NA,NA,NA,NA,NA,NA,NA,NA,NA,NA,33.666666666666664,286.875,18.825,3.375,22.75,35.571514063435075,47.42004700112395,42.58266309204647,55.210848968976414,90.18655266226196,74.16342412451361,0.5168327623194933,0.4940779109968628,0.5250019561824253,362.2028618055619,0,50.16775169181375,0,164.59910480821563,0,23127.863793296092,22838.777452294533,4915.662560955451,0,0,678.873293409179,0,5544.880382175559,2395.5965841282678,9394.236218566057,2301.8748193189112,892.7758853390519,0,223.87998599434627,111.9327693006616,111797.24325680865,27255.112632026903,229941.5035874276,61386.565799811244,60.73978817406694,0,NA,NA,NA,NA,NA,4784.167866809897,1504.4931929800052,152202.96968411346,140013.6291863642,NA
h1,30,TSCA,NA,NA,NA,NA,NA,NA,NA,NA,NA,NA,NA,NA,NA,NA,NA,NA,NA,NA,NA,NA,NA,NA,NA,NA,NA,NA,NA,NA,NA,NA,NA,NA,NA,NA,NA,NA,NA,NA,NA,NA,NA,NA,NA,NA,NA,NA,NA,NA,NA,NA,NA,NA,NA,NA,NA,NA,NA,NA,NA,NA,NA,NA,NA,NA,NA,NA,NA,NA,NA,Lowland
h10,44,TSCA,NA,NA,NA,NA,NA,NA,NA,NA,NA,NA,NA,NA,NA,NA,NA,NA,NA,NA,NA,NA,NA,NA,NA,NA,NA,NA,NA,NA,NA,NA,NA,NA,NA,NA,NA,NA,NA,NA,NA,NA,NA,NA,NA,NA,NA,NA,NA,NA,NA,NA,NA,NA,NA,NA,NA,NA,NA,NA,NA,NA,NA,NA,NA,NA,NA,NA,NA,NA,NA,Lowland
h101,23,TSCA,11883.4323342494,376.983376885523,0.602229559299478,167255.139397547,NA,NA,2.045501506242165,1.9162299963170064,3.0473072111333823,NA,NA,0.10358564692607032,0.10687480880000735,0.13734072002920256,NA,NA,21.6,21.6,21.6,31.225,422.75,17.1,6.25,7.833333333333333,59.3362935265249,47.66146993318486,43.37078651685393,145.91954022988506,91.06382978723406,76.5873015873016,0.33412186752216916,0.4061308906950504,0.36220107464203766,631.444887511916,0,876.1518661360524,175.15945744584639,395.9224324094556,0,0,0,0,161.59388045684398,0,566.2663991897044,0,640.8327622033069,120.0655641410273,650.5878021319705,96.30495440904747,796.6251146337145,0,1341.3623302066944,0,46490.26628950939,15851.457354048622,48213.15076616088,13314.518663618288,1943.1327697222298,588.3677726404939,14961.94131942917,2971.777387175402,41897.51917995346,36027.803505250835,0,NA,NA,NA,NA,Ridge
h102,28,TSCA,6647.24411323699,0,0.471008640957542,170913.343981261,NA,NA,2.4384960239638467,2.176429440268029,2.7681216347780473,NA,NA,0.10110464231098448,0.08008111390415089,0.15603218058041415,NA,NA,24,23.9,24,33.05,430,17.35,2.5,18,56.2281442180152,61.912121881209984,NA,128.4573002754821,162.55072463768118,NA,0.3485236721567454,0.33124150659525387,NA,545.9286181776134,0,1119.7592885721278,172.17745161837053,436.981473114621,43.68762172944671,0,0,0,120.66305082823513,0,890.146103839038,0,331.59904102789255,20.71566642245549,602.0705015878501,96.26192528082929,340.61641920180585,0,692.2006910317042,53.22537461604151,261.51856326156144,20.10982074591175,70252.9205917315,20467.159333477648,9814.820828891965,1709.6687640462574,39081.76081521168,4523.133947735744,368862.4926975796,323208.85431198886,0,NA,NA,NA,NA,Ridge
h103,65,TSCA,3964.62474889984,0,0.405453834615543,169979.124454794,NA,NA,0.815813840227704,0.7972146506344687,1.0042258559851456,NA,NA,0.15716816262106853,0.05013748544008231,0.2767840058691856,NA,NA,20.2,20.2,20.2,28.1,432.75,17.5,7,11.875,51.895424836601315,58.201701093560146,37.91946308724832,107.88043478260867,139.24418604651163,61.08108108108108,0.3533242737016042,0.3302813862862821,0.3613881122274138,1545.6175520937188,154.43961640079763,2229.8850699099253,53.026930925375005,9616.48502711164,0,20.298268682538584,18.7261942124105,0,0,0,1027.223119890329,51.33268070787637,720.9665591036768,61.738325619800314,1260.156420933034,89.86128365225328,449.13420420206955,0,2388.339634550174,610.3536424227989,29378.90969804335,9941.340895810268,65538.58390571391,18346.025152820974,1066.3577004107185,62.69118163043151,5690.725263721212,1314.5838312046258,4676.216019841721,4176.235127591804,0,NA,NA,NA,NA,Ridge
h104,22.5,TSCA,2357.04407431527,1.39308327405917,0.339501733422979,163056.620990821,NA,NA,1.5432508466687322,1.25611327328375,1.3449659391579094,NA,NA,0.22081341538001464,0.10067594547595864,0.12225582755719704,NA,NA,23.5,23.8,23.4,27.625,403.5,17.55,3.875,16.5,57.15956202827681,58.46579257827341,NA,133.424317617866,140.77513285554093,NA,0.38692848451561546,0.3662858978727228,NA,407.4427573529411,0,431.1818845253651,53.885799174603335,455.7702471228206,91.13483897903382,0,41.111381220379144,0,0,0,2245.223171323529,0,603.1486067441436,77.76715377769841,1400.9051978305629,118.50261433994609,593.2242886440174,59.30383657338996,287.2495090260228,57.44227262980793,97672.11007599773,33617.3935691908,160395.14767615165,48526.97182605627,10663.14230554351,2134.1855576599883,19478.2695254764,4278.255935801503,283915.6559535435,251502.78452280405,0,NA,NA,NA,NA,Ridge
h11,38,TSCA,NA,NA,NA,NA,NA,NA,NA,NA,NA,NA,NA,NA,NA,NA,NA,NA,NA,NA,NA,NA,NA,NA,NA,NA,NA,NA,NA,NA,NA,NA,NA,NA,NA,NA,NA,NA,NA,NA,NA,NA,NA,NA,NA,NA,NA,NA,NA,NA,NA,NA,NA,NA,NA,NA,NA,NA,NA,NA,NA,NA,NA,NA,NA,NA,NA,NA,NA,NA,NA,Lowland
h12,49,TSCA,NA,NA,NA,NA,NA,NA,NA,NA,NA,NA,NA,NA,NA,NA,NA,NA,NA,NA,NA,NA,NA,NA,NA,NA,NA,NA,NA,NA,NA,NA,NA,NA,NA,NA,NA,NA,NA,NA,NA,NA,NA,NA,NA,NA,NA,NA,NA,NA,NA,NA,NA,NA,NA,NA,NA,NA,NA,NA,NA,NA,NA,NA,NA,NA,NA,NA,NA,NA,NA,Lowland
h12',26,TSCA,NA,NA,NA,NA,NA,NA,NA,NA,NA,NA,NA,NA,NA,NA,NA,NA,NA,NA,NA,NA,NA,NA,NA,NA,NA,NA,NA,NA,NA,NA,NA,NA,NA,NA,NA,NA,NA,NA,NA,NA,NA,NA,NA,NA,NA,NA,NA,NA,NA,NA,NA,NA,NA,NA,NA,NA,NA,NA,NA,NA,NA,NA,NA,NA,NA,NA,NA,NA,NA,Lowland
h14,33,TSCA,NA,NA,NA,NA,NA,NA,NA,NA,NA,NA,NA,NA,NA,NA,NA,NA,NA,NA,NA,NA,NA,NA,NA,NA,NA,NA,NA,NA,NA,NA,NA,NA,NA,NA,NA,NA,NA,NA,NA,NA,NA,NA,NA,NA,NA,NA,NA,NA,NA,NA,NA,NA,NA,NA,NA,NA,NA,NA,NA,NA,NA,NA,NA,NA,NA,NA,NA,NA,NA,Lowland
h15,47,TSCA,NA,NA,NA,NA,NA,NA,NA,NA,NA,NA,NA,NA,NA,NA,NA,NA,NA,NA,NA,NA,NA,NA,NA,NA,NA,NA,NA,NA,NA,NA,NA,NA,NA,NA,NA,NA,NA,NA,NA,NA,NA,NA,NA,NA,NA,NA,NA,NA,NA,NA,NA,NA,NA,NA,NA,NA,NA,NA,NA,NA,NA,NA,NA,NA,NA,NA,NA,NA,NA,Lowland
h2,40,TSCA,621.773544450815,0,0.279869456453662,185889.216547302,NA,NA,0.928182937874792,0.9112308062620756,1.121915623799432,NA,NA,0.07687091226545972,0.02722214048461529,0.05215713907424882,NA,NA,18.8,18.6,18.8,17.85,275.5,15.675,28.125,5,41.49888143176734,56.85483870967742,43.8961038961039,70.93690248565964,131.77570093457948,78.24074074074075,0.5021429215922255,0.4109314922399092,0.4147719734757962,483.62039456947167,0,696.928035266135,53.588200078113836,229.500795472158,45.89527757900335,0,0,0,225.40260980490774,0,1020.8961663405087,63.770656555772995,332.31655629679005,22.144689144322673,1176.27947330475,253.3759474754334,345.86205701965747,0,622.8018471872737,51.88300192297786,5675.278913479643,1257.5392715466285,23015.883636474602,5523.781585693349,5546.192399861582,823.5846239306859,3573.0193668324164,1205.3088806166134,20137.0776345153,17353.047963083867,0,NA,NA,NA,NA,Lowland
h3,30,TSCA,1103.23130473539,0,0.304149581865565,186237.659027163,NA,NA,1.4630936918518107,1.247297162119885,1.738582345316968,NA,NA,0.05229753625014426,0.0949482385154546,0.04269597976363324,NA,NA,21,21,21,33.858333333333334,292.5,17.6,45,0,43.292171202493705,60.78797497899357,53.17139001349528,76.34249471458774,155.02380952380955,113.54466858789628,0.45413690614363794,0.4032505297681352,0.4773090934286496,350.4045755988024,50.04926422155688,549.6797471571324,109.90658983476982,703.9665908156751,140.74830461048055,NA,NA,NA,97.93449026435191,0,1028.7604648203594,0,NA,NA,NA,NA,357.36598630449697,51.04278784189652,448.4552644683929,0,NA,NA,NA,NA,3957.4702951445506,678.8374939516406,10787.154756375208,2894.41011290052,56247.01193909146,46535.25352478024,NA,NA,NA,NA,NA,Lowland
h301,31,TSCA,242.645607096149,0,0.194693020782285,154811.504031153,NA,NA,2.793003127046478,2.2016975460485395,2.5383098211636543,NA,NA,0.04494466004380838,0.02582326406303669,0.05031576146666775,NA,NA,22.6,22.6,22.6,6.791666666666667,286.25,17.575,2.875,6.875,53.80952380952381,61.67728237791932,62.69938650306748,116.49484536082473,160.94182825484765,168.09210526315786,0.3725266798810392,0.3466034315388019,0.3316779249175138,615.4666641791046,51.2724104477612,767.63859299101955,0,728.4706208243299,52.01357625313657,0,42.687629413015735,0,0,0,738.4934089552238,0,424.4732628051619,0,708.9387604856626,122.13532681771417,493.220620949271,0,342.9065222170813,0,233.0089573094026,19.411534088835733,40719.962434432055,12356.10827239511,2830.6427648512013,676.064687973243,5366.764182702137,2246.5936683586315,21065.429581007975,18790.382925320715,0,NA,NA,NA,NA,Ridge
h304,NA,TSCA,19090.9701585974,0,0.780427986614246,158411.732632,NA,NA,NA,NA,NA,NA,NA,NA,NA,NA,NA,NA,NA,NA,NA,NA,NA,NA,NA,NA,NA,NA,NA,NA,NA,NA,NA,NA,NA,NA,NA,NA,NA,NA,NA,NA,NA,NA,NA,NA,NA,NA,NA,NA,NA,NA,NA,NA,NA,NA,NA,NA,NA,NA,NA,NA,NA,NA,NA,NA,NA,NA,NA,NA,NA,NA
h4,31.5,TSCA,9203.9212334339,196.949127616981,0.557550844692473,172756.425453565,NA,NA,0.9628355683024472,0.8776181348285113,1.1117135937746567,NA,NA,0.03321100808755949,0.02898788965011959,0.04769807041907118,NA,NA,20.4,20.3,20.5,33.233333333333334,254.75,16.6,45,0,48.91640866873065,42.18386080284971,NA,95.75757575757576,72.96208530805688,NA,0.43706665168599423,0.4051707703860787,NA,788.4835329575021,0,2611.438831832142,55.47835739772436,328.73305670613354,93.90932135445468,NA,37688.747419928826,8150.666351137365,126.17816556148998,63.08672378602886,805.9686042931484,0,NA,NA,7222.132609266697,4516.270095626097,452.9055517519104,56.59988859833825,603.6930180381713,129.32269989875545,NA,NA,113064.11544057682,48225.64266471827,6090.37049520323,1474.2052657556376,10633.283494878295,2901.384687013818,56173.75633436489,50120.15968475781,NA,NA,NA,NA,NA,Lowland
h5,44,TSCA,34800.88957558,2623.11311020889,0.99472667910042,113469.641236152,NA,NA,1.2035191958374474,1.301249042842947,1.615847298407245,NA,NA,0.08957732809014154,0.04205519323712264,0.02957633784629689,NA,NA,21.6,21.6,21.6,30.375,275.5,17.325,22.625,12.125,42.14656204282485,65.12661039537984,59.428456429865165,72.85057471264368,186.7515923566879,146.47817460317464,0.41765233440271143,0.30147777701712963,0.40801065406556686,459.6628079357351,0,715.358130998145,65.00756580557595,584.4596994654465,97.38233850900731,0,1106.2595787401574,409.9756831259232,0,0,952.528682570594,50.106772638753654,945.3129161827251,41.959009000233166,735.9576741541478,44.559138849025686,1296.6879319367474,56.3364293808448,1958.6689864532862,139.75693165037146,59225.1906422953,19803.474560642437,12491.522436066878,3378.7202647351774,10011.666344544823,1894.9576100818506,6306.745862000738,1280.899930206033,66896.08748555752,53514.42207197444,0,NA,NA,NA,NA,Lowland
h6,40.5,TSCA,1690.06039094253,0,0.32431950411535,189821.220836176,NA,NA,NA,NA,NA,NA,NA,NA,NA,NA,NA,NA,NA,NA,NA,NA,NA,NA,NA,NA,NA,NA,NA,NA,NA,NA,NA,NA,NA,NA,NA,NA,NA,NA,NA,NA,NA,NA,NA,NA,NA,NA,NA,NA,NA,NA,NA,NA,NA,NA,NA,NA,NA,NA,NA,NA,NA,NA,NA,NA,NA,NA,NA,NA,NA,Lowland
h7,30.5,TSCA,3545.75427221717,56.8242056777845,0.378159499648106,173350.229865364,NA,NA,1.5076132646097289,1.4837451639949557,1.9795819624574744,NA,NA,0.05770943797742615,0.02134425150363152,0.09876078475937806,NA,NA,17.2,17.2,17.2,NA,NA,NA,NA,NA,NA,NA,NA,NA,NA,NA,NA,NA,NA,NA,NA,NA,NA,NA,NA,NA,NA,NA,NA,NA,NA,NA,NA,NA,NA,NA,NA,NA,NA,NA,NA,NA,NA,NA,NA,NA,NA,NA,NA,NA,NA,NA,NA,NA,NA,Lowland
h8,42.5,TSCA,5359.76505618167,0,0.453042886124275,176559.868818704,NA,NA,1.131695296006274,1.3322931763757022,1.4018342766973446,NA,NA,0.02995277920603662,0.02478045043743842,0.01601029387701302,NA,NA,21,21,21,10.6,296.5,18.375,11.375,10.5,67.83176493182256,63.361344537815114,67.62665545511877,210.86567164179107,172.9357798165137,208.89610389610388,0.3216403035055364,0.31395934103376244,0.33167009327422514,919.6673562933597,48.37944276511398,457.7950737570635,0,281.9911029459343,112.78553778163527,0,0,0,53.15849820604436,0,1952.130329286422,0,1354.9091920089572,41.60935278790414,546.043870186258,80.84163258796065,385.91191425161855,0,457.5382050484921,0,87393.42853559402,23616.425079593417,77049.85737327924,18524.34197651973,244.4008901967839,61.09348229937634,14979.01092141363,3279.3310402476836,1114439.9696824222,1067254.2765989124,0,NA,NA,NA,NA,Lowland
h9,30.5,TSCA,12385.2065759618,0,0.646952416579665,156449.980736225,NA,NA,1.0873646607671286,0.9059944504268488,1.1239124184230511,NA,NA,0.03822350226942839,0.0047593980733264,0.02157648283747058,NA,NA,20.6,20.6,20.6,11.358333333333334,313.75,18.5,6.875,7.625,53.63849765258215,61.990521327014214,63.22751322751322,115.69620253164555,163.0922693266833,171.94244604316543,0.37924752204384143,0.385008243897672,0.3502801127219773,903.1454147557329,150.45986964107678,751.9474244230734,46.97691525610699,471.93543385651117,104.85265585979236,0,0,0,0,0,939.9538975573281,0,952.797459531799,129.77471961895435,657.6363362984379,45.31482066617238,482.22181638835167,0,735.9490377952905,169.7797525083552,92538.51041588993,25160.067974809812,58152.60446461682,9143.093539920703,13492.180159871585,2852.5046262695896,5600.602592902159,2111.377648267699,32053.74315451671,27389.87439051626,0,NA,NA,NA,NA,Lowland
hx1,33,TSCA,NA,NA,NA,NA,NA,NA,NA,NA,NA,NA,NA,NA,NA,NA,NA,NA,NA,NA,NA,NA,NA,NA,NA,NA,NA,NA,NA,NA,NA,NA,NA,NA,NA,NA,NA,NA,NA,NA,NA,NA,NA,NA,NA,NA,NA,NA,NA,NA,NA,NA,NA,NA,NA,NA,NA,NA,NA,NA,NA,NA,NA,NA,NA,NA,NA,NA,NA,NA,NA,Lab
hx2,48,TSCA,4891.87143280581,0,0.441353780546161,188796.296813244,NA,NA,2.2654052722881315,1.2095698270011437,2.620816579794058,NA,NA,0.03756156386951592,0.01499329524031633,0.03324079108162857,NA,NA,19.5,19.5,19.5,27.766666666666666,257.5,16.65,0.375,13,57.81539275323988,58.46579257827341,68.54060193072118,137.05329153605015,140.77513285554093,217.87003610108297,0.3062783785619884,0.3662858978727228,0.3082444663713201,276.9581648780488,0,2654.1690425117454,0,533.9698093693435,0,76.69000249159957,64.1341968,0,0,0,1213.2943258536586,105.43598999999999,14982.070649069468,1814.9736965672248,16973.00720214843,5244.1789627075195,776.2033160370148,0,689.6631019871407,106.06605832169707,256491.77514765252,53500.85536829037,73185.9558105468,19470.405578613267,1771.637118688901,513.9762222176732,3045.587964577247,1055.430215184052,41136.997525054605,34135.29537691931,0,NA,NA,NA,NA,Lab
hx3,40,TSCA,9669.0961044834,0,0.57053700603683,177847.45092389,NA,NA,1.369015211013887,1.3890974847659114,1.2787456489655622,NA,NA,0.09928263562252054,0.04770155797367333,0.04151550389903264,NA,NA,18.9,18.9,18.9,30.94166666666667,295,16.55,1.125,9.625,53.945666235446325,57.955865272938446,51.58968206358728,117.13483146067418,137.84530386740332,106.56753407682776,0.3418028299939432,0.34756355184777366,0.36199639756129826,2483.483869628906,47.69186645507813,364.96950616670205,52.12896178628125,349.29730463773024,43.65442237030949,0,18.3503352,0,77.89305866111194,0,920.2725483398436,54.10648388671874,1554.5470613828845,397.9349150344249,682.5124025344861,0,669.1396756227623,0,488.78142843022925,48.86567148787434,133898.21119711446,42434.42374215992,60890.5929565431,9426.22947692871,580.7982714370239,58.06207678519019,5390.295455622121,1138.6415639589027,8945.850438849855,7699.201273363662,0,NA,NA,NA,NA,Lab
hx4,22,TSCA,3387.05867317392,0,0.388124700133583,186527.561642187,NA,NA,1.7372031266463406,1.2910666182103931,1.2184270314569787,NA,NA,0.07679637310192504,0.01801940534639396,0.05929354018720497,NA,NA,20.4,20.5,20.3,24.683333333333337,335.5,16.95,1.75,10.625,47.51009421265141,50.63131313131313,NA,90.5128205128205,102.55754475703324,NA,0.3744469204989827,0.4675056548044265,NA,332.89164378478665,47.54765955473099,430.0228004674041,85.98772949906473,662.9050552070914,203.91361335212963,0,0,0,66.6013113649718,0,917.0402121985159,0,6877.557973217768,1140.263811188414,490.600409292307,23.34646132887481,1846.2394456939392,0,1528.5877659502178,147.80315264700073,244091.27625950426,54167.163405378444,23787.31124737605,4223.136413769453,3481.0168097218702,1001.5916123808169,8909.648633098208,2349.6599786310057,47390.05537147067,41711.82529859805,0,NA,NA,NA,NA,Lab
hx5,34.5,TSCA,14013.6518307137,0,0.684348623948936,166556.958271839,NA,NA,1.2198300417258927,1.2153287926728664,1.3006684391448493,NA,NA,0.04405438224438315,0.0636259042330389,0.08686206230052,NA,NA,20.3,20.3,20.3,24.683333333333337,335.5,16.95,1.75,10.625,54.311535082214135,45.659722222222214,45.07326489427042,118.87362637362638,84.02555910543128,82.06070287539934,0.34948379246571715,0.3005176567081579,0.33941456596810243,655.8385635305528,93.66046483996121,2110.0659637676254,45.81647449802153,45.309178386638784,0,NA,NA,NA,0,0,759.8080700775945,0,NA,NA,NA,NA,1083.0005713268731,60.1312458778905,623.701528711994,0,NA,NA,NA,NA,4976.027834731917,1182.1826123206636,10684.596402103542,2278.505173404661,74720.98471492477,67563.34670525383,NA,NA,NA,NA,NA,Lab
hx6,43,TSCA,NA,NA,NA,NA,NA,NA,NA,NA,NA,NA,NA,NA,NA,NA,NA,NA,NA,NA,NA,NA,NA,NA,NA,NA,NA,NA,NA,NA,NA,NA,NA,NA,NA,NA,NA,NA,NA,NA,NA,NA,NA,NA,NA,NA,NA,NA,NA,NA,NA,NA,NA,NA,NA,NA,NA,NA,NA,NA,NA,NA,NA,NA,NA,NA,NA,NA,NA,NA,NA,Lab
hz1,53.5,TSCA,11890.2451797817,0,0.648387870698709,185453.002500035,NA,NA,2.894554016904,3.314315044985407,2.936569927192284,NA,NA,0.12304227582641498,0.11819646434685412,0.08373485482870785,NA,NA,27.5,27.5,27.5,18.833333333333336,293.25,19.45,0.625,21.5,59.104552276138065,58.72988406298667,54.334877564526806,144.52599388379204,142.30607966457023,118.98550724637684,0.31395934103376244,0.457977387379525,0.329356853489177,725.4591040268457,135.97621021093005,737.4184132795637,49.14175081030121,970.1802026505418,126.4821634425187,39.80545383157979,0,0,0,0,802.3427523969318,0,12511.288042780849,1033.5929327566837,5183.302403606118,1751.5786217570394,606.5072095769594,0,414.66025583810307,0,477189.6797929107,65722.63148505094,49117.51817417659,15026.567516815207,541.1512885741358,60.11126958948418,4103.645682334903,1477.7686886900053,4930.385219769213,4600.820578928069,19.90215435455121,NA,NA,NA,NA,Lab
ml1,4.1,KALA,NA,NA,NA,NA,0.6801350894657308,NA,NA,NA,NA,-0.02826580372193657,NA,NA,NA,NA,20,NA,NA,NA,NA,13.05,292.5,18.5,3.75,14.25,NA,NA,NA,NA,NA,NA,NA,NA,NA,NA,NA,NA,NA,NA,NA,NA,NA,NA,NA,NA,NA,NA,NA,NA,NA,NA,NA,NA,NA,NA,NA,NA,NA,NA,NA,NA,NA,NA,NA,NA,NA,NA,NA,NA,NA,Lowland
ml2,7,KALA,4147.66035254784,0,0.405087135924634,187867.953872856,2.2219739595128085,NA,NA,NA,NA,0.06026841315150872,NA,NA,NA,NA,20.4,NA,NA,NA,NA,12.066666666666666,304.5,18.75,6,11.5,43.711252653927815,NA,NA,77.65540132770067,NA,NA,0.5582173164793651,NA,NA,4710.502766851172,45.17317040642694,337.38382242538114,337.38382242538114,621.456841924297,51.77127113982814,20.77446129929973,0,0,0,0,581.4004300245598,0,448.85499781346414,40.78132727469114,142.3407381321016,0,0,0,2869.3506966775894,1089.2488173584402,57635.92966999183,24566.202049711315,29572.565973652487,3783.3618891747633,4839.252401422433,2301.092926677056,6295.6545617316015,0,1859648.957000035,1063757.2571471478,0,NA,NA,NA,NA,Lowland
ml3,4,KALA,NA,NA,NA,NA,0.6903997372770082,NA,NA,NA,NA,0.0730567676095529,NA,NA,NA,NA,20.4,NA,NA,NA,NA,13.283333333333331,352.5,18.6,7,8.75,NA,NA,NA,NA,NA,NA,NA,NA,NA,NA,NA,NA,NA,NA,NA,NA,NA,NA,NA,NA,NA,NA,NA,NA,NA,NA,NA,NA,NA,NA,NA,NA,NA,NA,NA,NA,NA,NA,NA,NA,NA,NA,NA,NA,NA,Lowland
mlgp,6.5,KALA,1965.27825691809,0,0.327464478640654,191295.215817912,NA,NA,NA,NA,NA,NA,NA,NA,NA,NA,NA,NA,NA,NA,NA,8.033333333333333,226,16.95,8.75,8.25,42.399071096820286,NA,NA,73.60831136610325,NA,NA,0.6142674476744862,NA,NA,1421.014634752463,48.96197077843984,160.69681032332107,160.69681032332107,599.0688655923009,54.443801712730654,25.20477209619419,0,0,126.46729271568938,0,660.4267379983139,101.57156028884214,1451.8403721426766,62.09914823492126,314.0120079944627,0,0,0,1313.905264784696,114.1740553993955,149582.22897466796,29780.594603030266,37767.35404926842,3145.2180804717996,1630.8632082567963,296.2960052989918,424.1260850500921,53.00459033714798,405075.48440716235,58149.69753790757,25.20477209619419,NA,NA,NA,NA,Ridge
pb1,28.5,BEPA,35854.7311051582,2.7791638890619,0.913507353700802,151785.756234456,NA,NA,2.840103362762651,1.2449915591402103,2.8477123767807773,NA,NA,0.0472439626688492,0.01811597567418997,0.07657271964521323,NA,NA,21.8,21.8,21.7,13.308333333333334,226.5,18.6,5,14,46.80970673662513,44.955770850884576,43.18585643212509,88.00422758499207,81.67208723933422,76.01250977326036,0.5450602994032627,0.501854885499534,0.5491922518671148,634.4630562587025,97.57967925566915,252.96942996127237,50.58803972566413,1099.3107490086797,149.82449902271293,0,21.02348820544916,0,0,0,968.8880040313059,0,584.0933269806598,80.50270196058713,687.7500844512253,101.05496321189602,902.8262325695611,0,175.55117695550894,58.513134717941334,44923.081429870275,12892.962033074247,121168.21071252658,42929.29768089641,5923.484407720112,949.2892949354092,NA,NA,NA,NA,NA,NA,NA,NA,NA,Lowland
pb2,33,BEPA,57113.7891912107,0,0.950691419871352,135510.429264071,NA,NA,2.3004938572384495,2.0064419278004686,2.4056950365909016,NA,NA,0.0403567486104249,0.01920314374460657,0.07654888629697068,NA,NA,21.8,21.8,21.8,11.666666666666668,252.25,18.825,7,12.875,37.019660411081325,51.24227685026949,NA,58.779709116708055,105.0957131302238,NA,0.5413158301982729,0.5155017698286367,NA,934.2273037264665,0,254.47780081561478,101.7818980999573,10516.153780494169,0,36.89004002342835,21.677312853018577,0,306.86932381327813,43.8316270197166,2727.4748119782284,121.03937874276821,2236.634295045375,416.9606152385171,469.92622235523015,81.67964456536912,554.8935070747636,0,4323.6269490925315,1850.3479366227386,263480.33280914434,33680.75533520206,106080.73559307001,19628.651887867225,2165.623577951472,324.4886174798015,NA,NA,NA,NA,NA,NA,NA,NA,NA,Lowland
pb3,33.8,BEPA,85644.6965199815,69.5701618129682,1.19021767012381,107991.7684138,NA,NA,1.7276902775613436,1.5622081512534391,1.6054684837669897,NA,NA,0.02023476906387444,0.05312626098240793,0.0144969470012792,NA,NA,21,21,21,21.925,241.25,18.55,4.5,17.75,34.04229009521454,52.03055378739656,46.1105675146771,51.612298462692166,108.46602972399148,85.5651384475715,0.5121281728055317,0.3617733324205556,0.4849581659210744,514.3542702381427,93.49635499116198,101.87648963999477,0,647.5085778349252,0,18.7390788,0,0,133.76862938660557,0,768.3625059014939,0,619.484996795655,82.5352102518081,221.1948013572372,22.113237632687834,845.0942447935905,0,1994.05628548571,761.893726664889,148375.5340576173,24435.665130615238,31703.36221534159,9456.444967759877,5351.229255417901,741.2806450133307,NA,NA,NA,NA,NA,NA,NA,NA,NA,Lowland
pb4,23,BEPA,1506.75767703419,0,0.358842513788705,187978.820822223,NA,NA,1.8999809933536695,1.5113170775055451,2.432029049714342,NA,NA,0.03065607006365345,0.04403563948586211,0.04273132054293746,NA,NA,25.4,25,26.4,14.175,325.75,18.375,3.875,9.125,33.720662678324906,48.2260686621402,52.9664324746292,50.87658392640167,93.14739564093094,112.61410788381744,0.5531253099986254,0.5198091352773057,0.41586807056468705,756.6521349160596,151.27791364202372,206.75792007063697,0,799.6059100147309,239.8047920154486,0,18.681051618478374,18.681051618478374,133.6227803547556,44.53862855054164,523.5005862156863,0,946.8588449225455,177.33988278671774,243.98098322265244,44.34754163227937,855.8561540629771,57.03068788504182,2459.1642523942737,350.88479872277594,116559.32044381229,27834.804276186584,38639.27455779426,9738.312206745344,5541.645734044205,1368.9071873162816,NA,NA,NA,NA,NA,NA,NA,NA,NA,Lowland
pb5,37.5,BEPA,1817.82605531619,13.5232813305967,0.358514362871258,191526.043228655,NA,NA,2.2543149207501973,2.25952781786311,2.8949532545908427,NA,NA,0.0244737038972579,0.01614901160342779,0.01529228695408466,NA,NA,25,25,25.1,13.933333333333334,328.25,18.2,4.375,11,38.46153846153847,57.081956730256856,44.596223382884695,62.500000000000014,133.0022349143283,80.49311094996374,0.4900454056991814,0.38664044842292394,0.4711764790291971,123975.00561862835,50201.70202321542,1561.378921145821,0,775064.3566324826,510200.0231776005,134.7401849642005,17.027849628070506,17.027849628070506,0,0,1591.101658734928,52.99019763225834,580.7044753595852,60.028340978667956,419.4336863317841,88.25844266843414,1968.410310905373,0,1137.6519840073809,227.4122588565827,57817.67305724671,13998.410582257906,42286.53093930098,11025.054075190837,1187.078487962043,296.6091773514424,NA,NA,NA,NA,NA,NA,NA,NA,NA,Lowland
pb501,32,BEPA,564.440102317004,0,0.317074250606436,195477.653374173,NA,NA,1.8283398276604077,1.8640113968546812,2.1315013262600924,NA,NA,0.05866383139293239,0.04304764045450814,0.0895738412562471,NA,NA,19.3,19.3,19.3,9.141666666666666,277.75,17.525,6.625,16.875,38.07936337240563,47.55625327053898,42.76002719238613,61.497047585967344,90.680502893634,74.70308788598575,0.552837273905934,0.48111628682574414,0.5658949101079498,595.6097098705447,148.8642551938971,617.4197274457888,102.87190429567187,379.48398870165033,75.88357314364485,0,0,0,222.21481993822948,0,862.192160285353,0,1148.298453717006,241.43429029555531,174.2403184235429,0,977.9657164221726,0,211.92933058573965,52.97750043374763,82127.90716262083,16153.277669634139,10132.962384418037,204.74277537818537,5669.429470886465,1532.8140719215012,NA,NA,NA,NA,NA,NA,NA,NA,NA,Lowland
rm1,36.5,ACRU,79323.1529143697,9.50563099344968,1.33314898959152,111542.137155937,NA,NA,0.9503385750957364,1.3406983079923378,1.4048342712240016,NA,NA,0.0270045769983762,0.02999985196427402,0.0656217158065904,NA,NA,20,20,20,21.766666666666666,250.5,14.25,5.125,16,35.95063304606873,47.17807176168268,36.53285490020185,56.12956810631229,89.31531531531529,57.561837455830414,0.5779924260009938,0.5328667714793216,0.5126600773534813,592.3675445191805,98.70006378861943,929.5022534070496,84.45865716767088,280.66521711699227,0,17725.554532902464,19.686602434062312,0,0,0,502.1073123508446,125.49979111956914,908.8405571028701,199.29695493606226,412.0128444324151,123.55330249475459,970.5234235542573,0,749.5153529202131,230.55170377489372,150710.32442301352,12116.9779471589,112090.1926964985,28630.262368019703,12945.350212386877,720.7682818725723,NA,NA,NA,NA,NA,11335.92301246784,258.9525047567839,268764.5752437049,199629.46699915585,Lowland
rm10,29,ACRU,30243.9101389503,47.1792046107889,0.895865269379751,184003.570763115,NA,NA,1.3410874220342843,1.3541254618993692,1.9671199860704345,NA,NA,0.03883713495736082,0.06480288881875791,0.09654856764589669,NA,NA,17.2,17.2,17.2,51.36666666666667,128.25,15.55,15.25,NA,41.28698919680601,38.97069986336723,39.95689212768142,70.32000000000001,63.855721393034806,66.54700854700857,0.4800601544858753,0.3859683642066437,0.45738630354110266,2332.5819058726374,0,260.17576456069924,0,576.1974256776683,57.602189876419374,NA,NA,NA,711.9307322288627,152.5079914883,413.7134971591063,0,NA,NA,NA,NA,1156.5844514476717,57.79305278365291,342.6785193735745,228.4369996336642,NA,NA,NA,NA,3768.729807725589,477.6730466244828,NA,NA,NA,NA,NA,7902.348857721479,1300.5547836178641,40118.34254030323,30052.518890586885,Lowland
rm105,41,ACRU,NA,NA,NA,NA,NA,NA,1.7032136773619968,1.3165294432732235,1.695232153924208,NA,NA,0.01614113923122851,0.02140500954159672,0.00464443106110699,NA,NA,23.9,23.4,23.3,NA,NA,NA,NA,NA,NA,NA,NA,NA,NA,NA,NA,NA,NA,NA,NA,NA,NA,NA,NA,NA,NA,NA,NA,NA,NA,NA,NA,NA,NA,NA,NA,NA,NA,NA,NA,NA,NA,NA,NA,NA,NA,NA,NA,NA,NA,NA,NA,NA,NA,Ridge
rm11,40.5,ACRU,NA,NA,NA,NA,NA,NA,NA,NA,NA,NA,NA,NA,NA,NA,NA,NA,NA,NA,NA,NA,NA,NA,NA,NA,NA,NA,NA,NA,NA,NA,NA,NA,NA,NA,NA,NA,NA,NA,NA,NA,NA,NA,NA,NA,NA,NA,NA,NA,NA,NA,NA,NA,NA,NA,NA,NA,NA,NA,NA,NA,NA,NA,NA,NA,NA,NA,NA,NA,NA,Lowland
rm12,27,ACRU,NA,NA,NA,NA,NA,NA,NA,NA,NA,NA,NA,NA,NA,NA,NA,NA,NA,NA,NA,NA,NA,NA,NA,NA,NA,NA,NA,NA,NA,NA,NA,NA,NA,NA,NA,NA,NA,NA,NA,NA,NA,NA,NA,NA,NA,NA,NA,NA,NA,NA,NA,NA,NA,NA,NA,NA,NA,NA,NA,NA,NA,NA,NA,NA,NA,NA,NA,NA,NA,Lowland
rm13,26.5,ACRU,NA,NA,NA,NA,NA,NA,NA,NA,NA,NA,NA,NA,NA,NA,NA,NA,NA,NA,NA,NA,NA,NA,NA,NA,NA,NA,NA,NA,NA,NA,NA,NA,NA,NA,NA,NA,NA,NA,NA,NA,NA,NA,NA,NA,NA,NA,NA,NA,NA,NA,NA,NA,NA,NA,NA,NA,NA,NA,NA,NA,NA,NA,NA,NA,NA,NA,NA,NA,NA,Lowland
rm14,26.5,ACRU,2894.06824590034,0,0.408301991946892,195317.90896468,NA,NA,1.901824632456224,1.743580275020685,0.8276944229113763,NA,NA,0.1503688216730586,0.0790755360002276,0.06606336876828217,NA,NA,21.5,21.5,21.5,11.758333333333333,255,18.5,9.25,7.75,33.223503569467326,42.05035155364028,NA,49.75328947368421,72.56360078277886,NA,0.5837531478548242,0.6373362923935627,NA,251.23882514018035,100.486944397013,170.86114911806027,0,31951.10972706496,0,0,0,0,570.5704735148519,95.0692531963192,0,0,1197.4288265463372,222.93972092167755,1325.1986763283517,340.857146853241,158.03871099792784,52.676403096743975,7656.4268156008,0,177120.46810931302,21262.93371970327,158333.19202594712,35339.2199822646,13436.035031364061,319.04004780309526,NA,NA,NA,NA,NA,177.60263069288138,0,637.3874939881363,212.4112817671866,Lowland
rm16,33.5,ACRU,NA,NA,NA,NA,NA,NA,NA,NA,NA,NA,NA,NA,NA,NA,NA,NA,NA,NA,NA,NA,NA,NA,NA,NA,NA,NA,NA,NA,NA,NA,NA,NA,NA,NA,NA,NA,NA,NA,NA,NA,NA,NA,NA,NA,NA,NA,NA,NA,NA,NA,NA,NA,NA,NA,NA,NA,NA,NA,NA,NA,NA,NA,NA,NA,NA,NA,NA,NA,NA,Lowland
rm2,36.5,ACRU,1423.34779602493,0,0.346896291911254,198220.75213806,NA,NA,2.21479847201625,1.5348704954226506,1.7407112240721214,NA,NA,0.07637799380331074,0.04150035188221011,0.09603875996667832,NA,NA,20.1,20.1,20.1,23.266666666666666,235.25,15.15,6.25,9.5,35.41620666813866,43.63341443633414,39.5034569453174,54.837606837606856,77.41007194244604,65.29870129870129,0.561670380748474,0.5338268917882933,0.5830383579718044,45.75938656047893,0,189.70282126229134,0,638.5581286108098,0,79.01439561752987,0,0,721.7386728235701,192.4054104580042,0,0,601.9614369745756,145.2066924467504,411.6734208476948,19.592543196270697,497.38323074148013,0,0,0,57042.88406676036,5236.5399926782175,48544.89585743054,13434.044696947358,21961.30998307106,540.8613337988421,NA,NA,NA,NA,NA,0,0,0,0,Lowland
rm3,36,ACRU,54662.4486285956,6.51911384564181,1.10042101229669,139178.621717397,NA,NA,1.880584451365803,1.557558943601089,3.1690394142011424,NA,NA,0.03559752062170349,0.02899132757433183,0.02565837633047566,NA,NA,19.3,19.3,19.3,22.84166666666667,333.25,15.725,14.625,14.625,37.51510756586899,41.37812821391841,36.94946685210941,60.03868471953579,70.58479532163742,58.60294117647058,0.49638219973839504,0.492541718502508,0.49088857902315064,679.5042892239182,0,656.672490252363,50.495278984739315,0,0,18.365589361292805,0,0,0,0,361.318338890465,0,560.0230539702791,111.93072878429174,477.5144997433107,178.9911611545722,830.3203486200723,0,12847.771102415889,977.0609720802842,56951.586674524726,8559.031411288737,64883.585371209476,15007.028071838018,2706.755495117394,345.0641636678318,NA,NA,NA,NA,NA,112166.8023201188,54.36587655161975,562414.541883997,71645.88127469877,Lowland
rm301,21,ACRU,NA,NA,NA,NA,NA,NA,2.0199745033754724,2.754636087199498,1.6943237205479789,NA,NA,0.05547824907924748,0.10300263529018842,0.02508077163239643,NA,NA,21.6,21.6,21.6,8.883333333333333,280.75,17.05,3.875,16.25,NA,NA,NA,NA,NA,NA,NA,NA,NA,NA,NA,NA,NA,NA,NA,NA,NA,NA,NA,NA,NA,NA,NA,NA,NA,NA,NA,NA,NA,NA,NA,NA,NA,NA,NA,NA,NA,NA,NA,NA,NA,NA,NA,NA,NA,Ridge
rm301a,NA,ACRU,18511.8778837982,287.204112730998,0.728627795418666,181504.375700135,NA,NA,NA,NA,NA,NA,NA,NA,NA,NA,NA,NA,NA,NA,NA,NA,NA,NA,NA,NA,35.65028509367364,32.14650518021304,31.534434152235193,55.40084388185655,47.376344086021504,46.058823529411754,0.4550970264526097,0.446455943671864,0.4846212960961925,152.2921846203862,101.52518128355356,104.67348207393917,52.33516650540488,0,0,NA,NA,NA,45.35586816336724,0,115.37501233674256,0,NA,NA,NA,NA,743.2296358305813,53.066767642063454,538.1802717844643,119.5670172039948,NA,NA,NA,NA,13039.8040921817,333.34691829869337,NA,NA,NA,NA,NA,18538.919233140477,0,94108.8710512433,193.71152545015033,NA
rm301b,NA,ACRU,NA,NA,NA,NA,NA,NA,NA,NA,NA,NA,NA,NA,NA,NA,NA,NA,NA,NA,NA,NA,NA,NA,NA,NA,40.337064829622335,56.8019747668678,NA,67.6082474226804,131.4920634920635,NA,0.46565834985129895,0.462019397076232,NA,260.82714417916895,0,106.76407202115043,53.38033625834793,0,0,NA,NA,NA,44.69577095581098,0,1707.590064412159,0,NA,NA,NA,NA,686.5599252878484,105.58803470189116,2182.2286528360446,412.42625485075314,NA,NA,NA,NA,12335.467701175807,288.85164414975145,NA,NA,NA,NA,NA,16902.586016479712,475.29504654255317,555951.8987482245,283809.04944768496,NA
rm302,27.2,ACRU,67939.7233711372,471.438851579426,1.0207915346693,129173.067777995,NA,NA,1.5274726912781191,0.9544554998441744,1.4147050135734711,NA,NA,0.08340521473119349,0.06837285147961136,0.01486883964992952,NA,NA,22.2,22.2,22.2,12.175,226.75,17.575,5.875,8.625,36.66666666666666,39.4726055472059,35.51587301587301,57.89473684210525,65.21444695259594,55.076923076923066,0.5107840043729713,0.42533329687448546,0.5126600773534813,327.71377296102185,0,272.8954777121542,54.57234755158425,85.08044383493169,85.08044383493169,0,22.579571879882042,0,0,0,561.974672682722,0,960.6042788142262,167.9156330369768,1439.0072090734382,82.07098614397661,722.5795090198516,55.5620323866606,1053.052159878232,58.46923941438042,87636.18469238274,17986.059188842766,197282.98781872934,50574.43303169964,34242.21611022952,2855.11189699173,NA,NA,NA,NA,NA,1867.572310855879,282.70623125829144,140249.02627703993,1775.2491528794073,Ridge
rm303,23.5,ACRU,7125.84391318437,417.646850314671,0.528527971566275,191978.227923903,NA,NA,2.6712986025607277,2.018650172032692,2.51727497935442,NA,NA,0.09255463987023528,0.07050478471988643,0.03775013796175257,NA,NA,23,23,23,11.925,149.5,17.975,7.75,9.5,33.1103678929766,31.670410213973287,34.467776973207826,49.50000000000001,46.349480968858146,52.59668508287293,0.5568697792036152,0.5549495385856718,0.5534451462544168,407.75692250679083,0,437.69707222898575,109.40387934267888,0,0,0,0,0,51.17488166172351,0,604.6087345666632,60.442028130551115,2117.6156294773295,284.7782881611371,1014.9827627818788,20.270755284619103,712.8373769942874,0,572.7768032770126,63.62330444842486,174026.6837921752,22324.482283269263,171022.7350645428,39718.368385411595,1970.232782249678,67.86572696741467,NA,NA,NA,NA,NA,40451.87613376877,2778.363333965267,111639.8434964414,2248.949749887166,Ridge
rm304,22.6,ACRU,4200.52812348363,652.60256275339,0.437717905516322,192499.899396724,NA,NA,1.9851527617307416,1.0185433031373006,2.4888424324879983,NA,NA,0.10592792122754904,0.10513812584385436,0.1193902852130227,NA,NA,22.9,22.9,22.9,7.025,216,17.725,3.25,4,36.50427153082428,32.37631984814332,36.53285490020185,57.49090909090907,47.87719298245615,57.561837455830414,0.5280661699344628,0.5472685761138977,0.5613926599979451,377.20160824911903,0,100.26680865311305,50.131961923514694,63151.217642284595,1588.081320126853,0,0,0,0,0,0,0,1914.7523199788309,84.8795343845035,1570.8072619004695,0,928.6077151744803,54.59652965879202,64.19170226546979,0,352963.3957737939,6113.161103793989,264251.2344287344,61177.992934815484,2584.2078800859085,543.4057248637006,NA,NA,NA,NA,NA,4131.4537326494865,0,NA,NA,Ridge
rm4,38,ACRU,60176.1033686636,0,2.85155169855936,128706.773752682,NA,NA,1.2525764717826855,1.2280904246649005,2.5978698586449136,NA,NA,0.02413695690476095,0.00664125795219383,0.02555537115812467,NA,NA,19.7,19.7,19.7,14.241666666666667,326.25,15.025,14.25,17.875,34.73863515383797,35.66050650239563,NA,53.23001631321371,55.42553191489363,NA,0.5885537493996831,0.5619633190743746,NA,46.08119908438259,0,319.2184182504814,53.194989006788994,64.72272983941427,0,0,44.45093994339316,0,94.0781485821518,0,0,0,723.429685513648,21.900033809729585,620.4720763933096,116.25478842428751,681.5939698190915,52.41146954219962,8583.181407822085,198.65974308959983,5303.613674005799,985.7731457998046,69808.50128900446,16740.543501717708,10101.964076360044,1348.390022204033,NA,NA,NA,NA,NA,545.0155660213229,0,1638035.0789225944,0,Lowland
rm5,33,ACRU,7740.30501782862,0,0.536229024445116,201294.601382254,NA,NA,1.952567485646042,1.2834877299609464,1.583743090033195,NA,NA,0.1075385711816967,0.06195163408642897,0.1313361253144265,NA,NA,19.7,19.7,19.7,26.5,314.3333333333333,15.175,13,18.5,33.581836665537104,43.306288032454354,36.02326426753908,50.56122448979592,76.38640429338102,56.306818181818194,0.5645507416753892,0.5367072527152086,0.5270778988740739,473.3919144369832,47.32740371553009,52.83492331678697,0,16971.121000689098,0,19.568980447470818,20.724378757007166,0,277.49772285009817,0,0,0,429.5896579319387,21.466721530554366,657.6508070572308,119.48110259081086,363.31146330266586,51.89247139088519,2842.3102096069692,135.1340500594571,6298.692866522043,1480.872157946635,29499.732662137292,9066.453900386467,13339.926789214214,0,NA,NA,NA,NA,NA,6581.192792848097,0,742305.0459041133,113.62034697518823,Lowland
rm501,21,ACRU,799.580286941798,0,0.335236312814316,197014.197905603,NA,NA,1.745217736897196,1.2643523817604565,1.7603680131956114,NA,NA,0.00306041405495715,0.07025069093742337,0.11005054245408646,NA,NA,20.4,20.4,20.4,14.691666666666666,326.75,16.9,7.5,17.25,44.80286738351255,NA,NA,81.16883116883116,NA,NA,0.490061407704331,NA,NA,958.5667629631195,239.54127081629153,188.36338605199572,0,2786.0138923711734,2604.0410856463845,35.94723054245283,20.31140774488449,20.31140774488449,0,0,110.50075553248979,55.248596577880676,892.7046690347051,106.15395698344929,909.216642379761,165.1379942893983,300.2630387033736,50.036385655403144,5118.508033085144,137.93708414447522,47097.5659928231,10623.899270903388,52790.5151367189,12678.622055053711,7957.487106323214,190.0997970785414,NA,NA,NA,NA,NA,111406.87681148104,0,5060852.940506559,4414.277591093636,Lowland
rm502,23,ACRU,37614.4885918045,158.820311321092,0.917324164523098,163355.963496004,NA,NA,1.8610445488609229,2.520635585908375,2.431682370361682,NA,NA,0.03805906841924968,0.02366757508744795,0.1094025123484973,NA,NA,20,20,20,15.591666666666669,382,17.475,4.875,22.75,34.06292749658002,48.14917510051296,49.53688917278824,51.65975103734441,92.86096256684492,98.1645569620253,0.4627779889243837,0.35908499555543466,0.367576953761901,4996.641223649103,0,2199.481678481146,1352.8717921511957,178400.46521676992,1813.9068942620913,0,0,0,16212.252815171063,562.1428094287909,0,0,1069.9912745593035,257.2926341704623,599.1076348452733,79.82211767747478,1051.9166984180422,166.0079354106787,487.1798107823531,0,51677.74332504168,12870.158610285107,99912.40834257829,26290.662268694552,10943.708089318587,796.1270832779404,NA,NA,NA,NA,NA,99.62450712919198,49.81084544938872,76023.4608593217,62.03632430726318,Lowland
rm503,42,ACRU,6353.12582709739,0,0.50912023818172,204110.710752766,NA,NA,2.1111931971955276,1.7692831800740598,2.0370529510468485,NA,NA,0.32662538538370567,0.17143582426252343,0.27194232471464885,NA,NA,20.1,20.1,20.1,8.391666666666666,253.25,17.7,3.125,21.75,36.396065290238894,62.6014427412083,NA,57.22297756628144,167.38999397227246,NA,0.564934789798978,0.35794148147958066,NA,51.17611214518545,0,854.5859693893669,113.89626217593103,162739.21966552726,8144.760131835975,0,20.161168849838095,20.161168849838095,45.72565185612643,0,0,0,759.6791533873773,130.11156211861933,748.5866119867303,60.636768015301605,975.4993351809533,0,386.573016643524,0,37566.16344139712,11605.221130656517,121154.12964741199,30320.87312393377,35253.0681440983,351.1667398396382,NA,NA,NA,NA,NA,0,0,175.54023116826974,0,Lowland
rm6,41,ACRU,NA,NA,NA,NA,NA,NA,NA,NA,NA,NA,NA,NA,NA,NA,NA,NA,NA,NA,NA,NA,NA,NA,NA,NA,NA,NA,NA,NA,NA,NA,NA,NA,NA,NA,NA,NA,NA,NA,NA,NA,NA,NA,NA,NA,NA,NA,NA,NA,NA,NA,NA,NA,NA,NA,NA,NA,NA,NA,NA,NA,NA,NA,NA,NA,NA,NA,NA,NA,NA,Lowland
rm7,28,ACRU,NA,NA,NA,NA,NA,NA,NA,NA,NA,NA,NA,NA,NA,NA,NA,NA,NA,NA,NA,NA,NA,NA,NA,NA,NA,NA,NA,NA,NA,NA,NA,NA,NA,NA,NA,NA,NA,NA,NA,NA,NA,NA,NA,NA,NA,NA,NA,NA,NA,NA,NA,NA,NA,NA,NA,NA,NA,NA,NA,NA,NA,NA,NA,NA,NA,NA,NA,NA,NA,Lowland
rm8,30.5,ACRU,NA,NA,NA,NA,NA,NA,NA,NA,NA,NA,NA,NA,NA,NA,NA,NA,NA,NA,NA,NA,NA,NA,NA,NA,NA,NA,NA,NA,NA,NA,NA,NA,NA,NA,NA,NA,NA,NA,NA,NA,NA,NA,NA,NA,NA,NA,NA,NA,NA,NA,NA,NA,NA,NA,NA,NA,NA,NA,NA,NA,NA,NA,NA,NA,NA,NA,NA,NA,NA,Lowland
rm9,24,ACRU,NA,NA,NA,NA,NA,NA,NA,NA,NA,NA,NA,NA,NA,NA,NA,NA,NA,NA,NA,NA,NA,NA,NA,NA,NA,NA,NA,NA,NA,NA,NA,NA,NA,NA,NA,NA,NA,NA,NA,NA,NA,NA,NA,NA,NA,NA,NA,NA,NA,NA,NA,NA,NA,NA,NA,NA,NA,NA,NA,NA,NA,NA,NA,NA,NA,NA,NA,NA,NA,Lowland
rms1,NA,ACRU,6233.9282860069,83.2623783017853,0.500481391610275,187269.055976889,NA,NA,NA,NA,NA,NA,NA,NA,NA,NA,NA,NA,NA,NA,NA,21.555555555555557,310.25,16.8,17.833333333333332,21.75,32.533364551627244,36.101617680565056,36.53285490020185,48.22141245878881,56.49848457835623,57.561837455830414,0.5533173340604198,0.5385314813022548,0.5126600773534813,NA,NA,58.28833730952386,58.28833730952386,NA,NA,547.6639306987399,2141.0748950042175,622.268717206365,241.762365639032,0,NA,NA,447.34569486200746,0,1533.4519006872702,551.2720723875688,0,0,NA,NA,2588.930818223462,623.8376425167412,85232.62415877957,24301.686167289692,574.8056933328195,0,NA,NA,NA,NA,NA,NA,NA,NA,NA,NA
rms1 stem,NA,ACRU,NA,NA,NA,NA,NA,NA,2.247392994086262,2.3240380769022684,3.304659235087554,NA,NA,0.3450837773220441,0.2466988365355876,0.6542339604662751,NA,NA,24.9,25.1,24.8,NA,NA,NA,NA,NA,NA,NA,NA,NA,NA,NA,NA,NA,NA,NA,NA,NA,NA,NA,NA,NA,NA,NA,NA,NA,NA,NA,NA,NA,NA,NA,NA,NA,NA,NA,NA,NA,NA,NA,NA,NA,NA,NA,NA,NA,NA,NA,NA,NA,NA,Lowland
ro1,33,QURU,99915.7777290623,16020.2967781342,1.3329001832454,25379.8069277233,NA,NA,1.3538001552042762,1.336514092237482,1.4768828719063354,NA,NA,0.0724530738296808,0.07880414215588136,0.08948355598652738,NA,NA,19.5,19.5,19.5,15.858333333333334,273.75,17.95,8,9.875,53.339200156448605,48.83741648106904,50.33007657776605,114.31265716680636,95.45533693191712,101.32908027644868,0.45816941144131934,0.5513970934424763,0.6047166586893898,3714.632400738192,135.62181386454387,153.68806921509994,51.22625437758913,368.88059430521673,0,0,20.670903715323952,0,0,0,246.8447746901675,0,695.102789327236,63.13419835394272,435.6812547754361,72.57603883316011,423.5476769742663,0,2787.968736564,0,61920.86414005498,14046.514162046189,42309.459107466246,10857.088733887305,1267.3799337842402,165.20279508766254,103614.14879189021,24195.31996846769,1080433.1295785164,596999.8879949289,0,NA,NA,NA,NA,Lowland
ro10,33,QURU,59447.2203089279,325.504821554228,1.13171182731304,131148.140192681,NA,NA,0.4349899570085683,0.6266415865687089,0.9357040709802416,NA,NA,0.02846434888170751,0.05897300389395393,0.04123103595720583,NA,NA,20.3,20.3,20.3,18.258333333333333,368.25,18.375,5.25,16.875,50.89484462648027,49.089688732276194,48.26043020066407,103.64460562103356,96.42386288727752,93.27566964285714,0.5295063503979204,0.5826010034840582,0.6005359838315453,0,0,166.204679757357,0,6644.244310332505,45.026133700114904,21.90073053818753,19.753621723837487,19.753621723837487,71.44269347190856,0,0,0,1211.4831637613413,141.1250193232219,321.787560057497,40.207374952510484,583.1596702337265,0,214.8856985859754,0,75985.88910766663,23119.48023804831,34892.98791942486,7617.598093912275,615.4805570840834,246.14073336124423,62842.37480163578,12625.621318817175,411485.595703125,241766.44134521476,21.90073053818753,NA,NA,NA,NA,Lowland
ro101,39,QURU,85980.2486475024,21035.5162410794,1.25058248129618,135118.35883961,NA,NA,2.472515398727059,2.63070914117293,1.7833053035859374,NA,NA,0.22130325342014068,0.16618780297983513,0.3363147696670779,NA,NA,20.5,20.8,20.2,20.125,394.75,17.625,5.625,13.75,44.86226893802102,47.30276745146633,47.97764227642276,81.36400986031221,89.76328578147043,92.22504395389724,0.5842332080093102,0.6124607450930797,0.567142379601476,586.9392757387328,90.27278609944159,947.5282753848845,47.35181916849084,269.5146140829468,89.82900070918987,0,0,0,92.5472661238055,0,693.120314160114,0,287.5512294343574,0,438.4149102771921,95.26125565379779,181.47427464280918,0,496.48186558520587,0,94669.29490844689,33172.48807004743,16087.363882571972,241.7128618027581,402.142657863602,67.01081830181168,18189.529538857223,0,82534.13801811542,484.3926763487704,0,NA,NA,NA,NA,Ridge
ro102,47,QURU,12494.202793736,2118.81082369204,0.603906923750289,174752.833260846,NA,NA,2.522834626144582,2.483023979180798,3.0316698689635624,NA,NA,0.06158901496249035,0.03368184774983004,0.04271325095127845,NA,NA,22.5,22.3,21,20.5,414.25,17.925,4.5,18.25,50.635259204303075,47.81687155574396,50.585590120473846,102.573736614691,91.63281884646626,102.37011884550088,0.5110720404656628,0.5909540501721124,0.5411794346045409,278.22063556073385,46.36393573082167,512.8862695103116,93.2291474658543,310.496546292757,0,0,19.231135629012556,0,75.37308095847096,0,271.41081372284805,0,1483.4824814280996,195.9846190451434,342.59875335603874,20.14345791138395,343.29109795442065,57.20559929543525,2283.6227270099225,0,131380.59320134105,36520.434129651876,45080.88340222007,5664.169508526585,374.48147144114523,0,5236.614362083352,489.57104431348034,6794.636616517586,3841.65033597106,0,NA,NA,NA,NA,Ridge
ro103,34,QURU,16273.7468557433,1371.72465977046,0.697891675539689,170341.774460769,NA,NA,1.9565069566132005,1.8511423896395716,2.2169645244311216,NA,NA,0.06735063413804765,0.01831029253861137,0.05428938610204374,NA,NA,22.4,22.4,22.4,13.975,432.75,17.225,7.125,16.75,45.968548313789654,45.96617932006341,48.374076364701665,85.07738896366084,85.06927465362672,93.70113493064312,0.5706955116528085,0.589033809554169,0.5120211197139195,244.35375597014928,40.720906716417915,401.36017238253277,50.15996659346581,499.7513632276164,199.86640606353507,17.72439714828274,0,0,0,0,885.7000231343284,0,967.7519792581841,89.91109641222104,947.2412263561857,147.1814281212356,724.1483122968627,0,949.0588707710374,0,111351.39602059529,36382.90077127449,79297.35926097036,19273.922400560205,62.44214327475045,0,4869.919192589739,1564.3786531692676,55536.387575181696,43708.26808319546,17.72439714828274,NA,NA,NA,NA,Ridge
ro104,26.5,QURU,46101.0056102243,430.539631423289,1.04347387588082,142885.388239781,NA,NA,1.4762044854582734,1.7433656817549603,1.582300803781301,NA,NA,0.05689419001225244,0.06277931147657566,0.062342357017005,NA,NA,24.5,24.3,25,17.35,439,17.675,5.125,9.75,53.424088122207216,NA,NA,114.70325747434184,NA,NA,0.43032592248113855,NA,NA,NA,NA,244.22462751616268,48.839489915477685,NA,NA,37.603762015523714,19.712223813260103,19.712223813504785,0,0,NA,NA,940.7723374046354,59.97353538929704,992.0663018000284,272.534919187292,495.0803607257448,185.6224305594142,NA,NA,109553.3770534832,32225.89756660316,32372.60599237368,10709.239904344566,3065.842656946895,332.72564855974105,136934.38857349032,1992.8553211155222,2030270.8867770522,22333.23766224418,18.801375222300358,NA,NA,NA,NA,Ridge
ro105,NA,QURU,33455.1170014824,541.475449493264,0.919732119314579,172253.035040802,NA,NA,NA,NA,NA,NA,NA,NA,NA,NA,NA,NA,NA,NA,NA,23.8,429,17.775,4,14,46.86184812442818,47.659754549301745,47.880742670470994,88.18870523415978,91.0575679172057,91.86766105998096,0.5576378754507927,0.5937383990681304,0.5728181565028849,211.8191309760956,105.90318675298805,576.5183212495349,96.05994873655267,1499.8937745493254,349.7463417243197,18.7758155164166,0,0,0,0,370.2707173804781,0,496.93713894875344,20.691543482728587,279.9060265191636,23.316961697237318,786.9454448937685,60.50907230164955,152.57156465158042,0,89763.02637469363,30805.627614623772,70000.2793709217,26333.15734136382,3364.2930871301337,769.8391771458012,76818.32469181751,21051.321963528117,129193.33709807345,110493.31755595698,0,NA,NA,NA,NA,NA
ro11,43,QURU,138774.253838335,6316.03413867509,1.40249461828123,36229.2628969834,NA,NA,2.248720351439422,1.8040870075155464,2.247065003998211,NA,NA,0.00982783346906078,0.00463344209111925,0.01093039718819743,NA,NA,19.9,19.9,19.9,13.375,385.25,18.875,5.375,24.875,51.05382483835755,50.81994096425058,51.07271691665084,104.30605592726027,103.33444481493832,104.3849437330229,0.5596541280996333,0.575880161321256,0.534564121469202,207.40642264243613,0,149.18470010161425,49.72543381154535,1297.1367430827481,144.03047431662893,NA,0,0,0,0,796.1343514243615,0,NA,NA,691.4473595512887,161.21601294370225,262.0785310864447,0,216.8504949402952,0,NA,NA,25789.43170559633,7150.321059925527,437.31352686882,72.87054508924486,13889.03760910035,0,172884.086608887,509.5233768224715,NA,NA,NA,NA,NA,Lowland
ro12,44,QURU,NA,NA,NA,NA,NA,NA,NA,NA,NA,NA,NA,NA,NA,NA,NA,NA,NA,NA,NA,NA,NA,NA,NA,NA,NA,NA,NA,NA,NA,NA,NA,NA,NA,NA,NA,NA,NA,NA,NA,NA,NA,NA,NA,NA,NA,NA,NA,NA,NA,NA,NA,NA,NA,NA,NA,NA,NA,NA,NA,NA,NA,NA,NA,NA,NA,NA,NA,NA,NA,Lowland
ro13,41.2,QURU,93929.3599941985,7167.55529158457,1.3760772485001,99226.7347737254,NA,NA,1.8107658802166695,1.638888473361423,1.8807324222002793,NA,NA,0.02253427996021356,0.00780054838564291,2.7869689541891034e-4,NA,NA,18.6,18.6,18.5,17.875,332.5,18.475,10.125,12.625,50.22239046086874,47.96954314720812,50.14063461369429,100.893536121673,92.19512195121952,100.56412516527102,0.5050232825191407,0.5707915236837057,0.5356823500189097,1151.2138545,0,252.6422291994097,50.522653385996854,428.1534701585767,0,0,0,0,69.69887763261795,0,612.92244525,0,1030.0096384314593,205.75389959091368,643.8466171288989,62.256242267730975,362.0156943798068,0,102.2010706365105,0,130833.46167276074,36703.40693274215,80171.28632333757,21367.813876635922,273.23774993419653,68.30150261521344,10841.251373291025,2802.353024482725,60825.65116882328,42524.1365432739,0,NA,NA,NA,NA,Lowland
ro14,37,QURU,NA,NA,NA,NA,NA,NA,NA,NA,NA,NA,NA,NA,NA,NA,NA,NA,NA,NA,NA,NA,NA,NA,NA,NA,NA,NA,NA,NA,NA,NA,NA,NA,NA,NA,NA,NA,NA,NA,NA,NA,NA,NA,NA,NA,NA,NA,NA,NA,NA,NA,NA,NA,NA,NA,NA,NA,NA,NA,NA,NA,NA,NA,NA,NA,NA,NA,NA,NA,NA,Lowland
ro15,36.5,QURU,NA,NA,NA,NA,NA,NA,NA,NA,NA,NA,NA,NA,NA,NA,NA,NA,NA,NA,NA,NA,NA,NA,NA,NA,NA,NA,NA,NA,NA,NA,NA,NA,NA,NA,NA,NA,NA,NA,NA,NA,NA,NA,NA,NA,NA,NA,NA,NA,NA,NA,NA,NA,NA,NA,NA,NA,NA,NA,NA,NA,NA,NA,NA,NA,NA,NA,NA,NA,NA,Lowland
ro16,34.5,QURU,NA,NA,NA,NA,NA,NA,NA,NA,NA,NA,NA,NA,NA,NA,NA,NA,NA,NA,NA,NA,NA,NA,NA,NA,NA,NA,NA,NA,NA,NA,NA,NA,NA,NA,NA,NA,NA,NA,NA,NA,NA,NA,NA,NA,NA,NA,NA,NA,NA,NA,NA,NA,NA,NA,NA,NA,NA,NA,NA,NA,NA,NA,NA,NA,NA,NA,NA,NA,NA,Lowland
ro17,35,QURU,NA,NA,NA,NA,NA,NA,NA,NA,NA,NA,NA,NA,NA,NA,NA,NA,NA,NA,NA,NA,NA,NA,NA,NA,NA,NA,NA,NA,NA,NA,NA,NA,NA,NA,NA,NA,NA,NA,NA,NA,NA,NA,NA,NA,NA,NA,NA,NA,NA,NA,NA,NA,NA,NA,NA,NA,NA,NA,NA,NA,NA,NA,NA,NA,NA,NA,NA,NA,NA,Ridge
ro18,42,QURU,NA,NA,NA,NA,NA,NA,NA,NA,NA,NA,NA,NA,NA,NA,NA,NA,NA,NA,NA,NA,NA,NA,NA,NA,NA,NA,NA,NA,NA,NA,NA,NA,NA,NA,NA,NA,NA,NA,NA,NA,NA,NA,NA,NA,NA,NA,NA,NA,NA,NA,NA,NA,NA,NA,NA,NA,NA,NA,NA,NA,NA,NA,NA,NA,NA,NA,NA,NA,NA,Ridge
ro2,32,QURU,4804.97851237076,2.71687728219292,0.424046196223861,189345.755912472,NA,NA,1.9245837412360811,1.774328564152564,1.8792617236654665,NA,NA,0.02163256617675862,0.02514086244834225,0.01205366895434291,NA,NA,28.4,28.4,28.4,7.250000000000001,223.5,18.075,9.5,15.5,51.20464441219159,48.779621904677384,50.0039366978978,104.93753718024988,95.23479466297005,100.01574803149606,0.48418867181445374,0.5540854303075972,0.5235071236450813,257.92426380813953,103.16037063953489,149.24376274428639,0,977.8115985005379,51.43589535078336,0,0,0,901.4966402987686,0,711.9434345930232,0,657.7866611391103,140.84887952662677,1105.9663176252059,312.2025856254773,235.79944577344432,0,872.6646733838446,0,51287.288859941764,16294.670553065514,42290.70349354176,10608.033519371598,966.1215172323367,0,20169.99672003954,0,65651.44366255854,191.66634061569957,0,NA,NA,NA,NA,Lowland
ro3,50,QURU,7136.7995686807,74.5862290314667,0.48936496121968,203264.808621736,NA,NA,3.153421486859696,2.194981042941522,1.8382487871132167,NA,NA,0.8335403582314668,0.36885986920099056,0.9519011615128106,NA,NA,27.5,27.5,27.5,7.525,292.25,18.425,8.25,13,49.422039558181346,58.48487536591856,55.2552986512524,97.71457592686642,140.87606837606836,123.49014963935838,0.567143066509613,0.44933630459877927,0.5548436947890126,129113.76955882352,54.07757426470588,1028.3614297312124,0,1039685.8664119927,849.6336200658014,0,0,0,8505.454338879232,209.02309255058518,833.0891235294118,0,337.1093368269193,21.059687424554564,594.274847062079,106.04573358171956,62.82572037135933,0,19516.97714188522,1547.5506291669924,55911.34349955769,16206.73946817733,84403.85096862892,18146.684817279718,956.6794828589714,127.49710687959337,89135.93368226293,784.6495247932096,5628719.740179905,21330.271109166853,0,NA,NA,NA,NA,Lowland
ro4,41,QURU,NA,NA,NA,NA,NA,NA,NA,NA,NA,NA,NA,NA,NA,NA,NA,NA,NA,NA,NA,NA,NA,NA,NA,NA,NA,NA,NA,NA,NA,NA,NA,NA,NA,NA,NA,NA,NA,NA,NA,NA,NA,NA,NA,NA,NA,NA,NA,NA,NA,NA,NA,NA,NA,NA,NA,NA,NA,NA,NA,NA,NA,NA,NA,NA,NA,NA,NA,NA,NA,Lowland
ro5,40.5,QURU,NA,NA,NA,NA,NA,NA,NA,NA,NA,NA,NA,NA,NA,NA,NA,NA,NA,NA,NA,NA,NA,NA,NA,NA,NA,NA,NA,NA,NA,NA,NA,NA,NA,NA,NA,NA,NA,NA,NA,NA,NA,NA,NA,NA,NA,NA,NA,NA,NA,NA,NA,NA,NA,NA,NA,NA,NA,NA,NA,NA,NA,NA,NA,NA,NA,NA,NA,NA,NA,Lowland
ro6,54.5,QURU,NA,NA,NA,NA,NA,NA,NA,NA,NA,NA,NA,NA,NA,NA,NA,NA,NA,NA,NA,NA,NA,NA,NA,NA,NA,NA,NA,NA,NA,NA,NA,NA,NA,NA,NA,NA,NA,NA,NA,NA,NA,NA,NA,NA,NA,NA,NA,NA,NA,NA,NA,NA,NA,NA,NA,NA,NA,NA,NA,NA,NA,NA,NA,NA,NA,NA,NA,NA,NA,Lowland
ro7,33.5,QURU,2453.75465104032,221.522948091641,0.340386671307434,185069.319747963,NA,NA,1.3759362960568593,1.164686260069885,1.526220474929981,NA,NA,0.1792966143791151,0.10129795195042449,0.23779367757974457,NA,NA,20.4,20.4,20.4,11.791666666666668,316,18.875,7.25,11.625,48.8936607226216,50.105815626851765,46.89642131139792,95.67044208987942,100.4241601628775,88.31122585239918,0.5255698571311362,0.5658949101079498,0.6061730795121221,217.39833358208955,0,100.2586286631416,0,605.8399801823626,100.94431354038731,NA,153.75671306471307,38.433005812695065,0,0,557.9683320895522,55.78087910447761,NA,NA,550.7561604473046,100.07468844799176,516.5732000023124,57.38173422287219,1064.9191799448508,187.8330734238694,NA,NA,46265.63122275397,12161.229265187394,1080.2536562550806,170.47636356437545,76105.0432920454,3627.396421507002,1721577.8231620826,118551.28034949317,NA,NA,NA,NA,NA,Lowland
ro8,38,QURU,152991.096820263,73844.1685507588,1.51922604313383,42747.2454106633,NA,NA,0.9869614695536846,1.1672863139713652,0.8949859106834968,NA,NA,0.02050227563932961,0.07634838073403925,0.02891371398134726,NA,NA,20,20,20,11.791666666666668,316,18.875,7.25,11.625,49.940699743032226,48.14631326892908,46.30965005302228,99.76307996051337,92.8503184713376,86.25320955954969,0.4863009364941916,0.6029555540342593,0.6061712267425354,665.4019924168297,153.50878840508807,597.734587738313,0,926.7929715419691,102.92787914056849,NA,NA,NA,0,0,854.0862108610568,0,NA,NA,NA,NA,162.04312623265244,0,326.72054934408317,54.44484068456227,NA,NA,NA,NA,185.04634154295877,0,18804.825048296385,4036.9173019875834,757333.467358012,482887.93979252357,NA,NA,NA,NA,NA,Lowland
ro9,45.7,QURU,4339.26013415932,397.892317387598,0.420378062642096,192118.626347195,NA,NA,1.4775826883615393,1.2916117442061712,1.9914258415217496,NA,NA,0.12364280116027113,0.03170519664060273,0.0460276051122373,NA,NA,19.6,19.6,19.6,13.408333333333331,311.25,18.5,5.875,9.125,50.39529163738581,49.3984375,51.4460511679644,101.59376660173544,97.62235602902577,105.95647193585336,0.5421799384763475,0.6218699241210028,0.578790445205896,1342.1115883190885,0,410.5788804370274,102.62655656365975,575.7377358243676,44.27348053947814,0,0,0,0,0,600.8123568376068,0,523.7539585732732,19.384263374652903,NA,NA,1543.920597381139,0,191.99038163209548,0,103896.14557202962,38992.60154832583,57465.05645934701,18422.086795646977,173.6347558053994,0,10247.049247019379,2112.285272609556,29675.198729926993,20606.148172412424,0,NA,NA,NA,NA,Lowland
sassafrass,NA,SAAL,NA,NA,NA,NA,NA,NA,NA,NA,NA,NA,NA,NA,NA,NA,NA,NA,NA,NA,NA,NA,NA,NA,NA,NA,46.57815710447289,57.286748504878815,54.43634804972138,87.18934911242604,134.11938098747234,119.47318908748824,0.3245206644324517,0.3908649777823997,0.37221294253718856,NA,NA,NA,NA,NA,NA,NA,NA,NA,NA,NA,NA,NA,NA,NA,NA,NA,NA,NA,NA,NA,NA,NA,NA,NA,NA,NA,NA,NA,NA,NA,NA,NA,NA,NA,NA,NA
sf1,26,SAAL,2548.69057540163,217.10624608486,0.346848917239591,186346.768553587,NA,NA,4.775586745524724,3.822096780846011,4.932720294294356,NA,NA,0.07243641908972837,0.0953111472745912,0.06161015342543888,NA,NA,32.1,32.1,32.1,NA,NA,NA,NA,NA,NA,NA,NA,NA,NA,NA,NA,NA,NA,11297.624794319296,9490.366895200785,259.9209978960565,0,43573.27303386693,44.96732881761553,21.358467431696134,302.8847734034113,89.0565563978916,275.25638756544714,0,786.8567071498532,0,6996.117160019667,405.41376555183484,12014.572509741402,2833.0178924705806,236.5961022998978,0,600.1610801455791,109.08919730452669,315404.83297761105,55824.03474909071,204403.6816812989,51991.085550322496,5630.1846020463545,226.76284762396304,14403.357022050508,0,220158.80640002247,362.7466118854022,0,NA,NA,NA,NA,Lab
sh1,28,CAOV,28751.638178137,36121.5586866508,0.85013268381412,151119.86878382,NA,NA,4.009785447524741,2.4174795316116806,3.6347712472552103,NA,NA,0.3941977059699885,0.14791253911404076,0.23292980708348843,NA,NA,27,27,27,20.433333333333337,304.75,18.975,0.75,15.5,35.89836332398952,38.17606444188722,36.083528037383175,56.0022570179151,61.74965100046531,56.45419236920265,0.6806292870300739,0.6189895631940876,0.661594236833966,483.41647553162306,0,473.012879490852,105.0920560956,226.93897238162526,0,0,0,0,181.6288456320765,0,514.5306720977695,0,4724.904409564605,1263.44131230361,6951.271559663863,1628.347785173063,1030.4853022098523,0,371.7144379230938,106.18788930844121,114767.9153939294,10951.833368957376,302800.5086019371,58573.77195072755,6481.0266494751,800.8528947830175,NA,NA,NA,NA,NA,NA,NA,NA,NA,Lab
sm1,27,ACSA,863.329507912058,0,0.337423176735275,194900.312367111,NA,NA,NA,NA,NA,NA,NA,NA,NA,NA,NA,NA,20.7,20.7,20.7,40.175,376.25,18.2,NA,NA,25.15542251899609,18.1782591674279,25.921568627450977,33.610213813259506,22.216905901116423,34.99205929062995,0.624174212862535,0.6019954337252875,0.6764890949823338,708.5878119671395,50.59300228099506,472.4124141916175,94.46207164418459,60.13666925170286,0,54.17102624062834,20.970553659555364,0,0,0,837.62462390328335,0,362.0955357590735,0,2702.6632402295095,445.452043176544,620.9160132025346,0,121.20738102195469,0,204697.5650263021,8096.314974658531,276097.26831305184,42060.06773457153,2295.312548298077,185.88215762489045,NA,NA,NA,NA,NA,840.0405951656838,0,570.8668732158354,228.29881079095566,Lab
sm10,32.5,ACSA,12392.3038987819,0,0.784846028402819,177355.744238556,NA,NA,NA,NA,NA,NA,NA,NA,NA,NA,NA,NA,25.8,25.8,25.8,33.025,454.25,18.975,1,16.25,32.14126061689764,31.695117973252145,31.500339443312964,47.36495388669304,46.40241961158866,45.98612487611496,0.5829850516076468,0.6031475780960537,0.5812568350514978,843.1970179080975,0,361.89386399213987,45.22773581775514,62.80762329697613,62.80762329697613,36.455863456464385,87.61433608223953,0,285.96362536134274,40.84565969258008,251.80106610059778,0,286.81997708271484,38.228374391603374,18359.31317087566,1694.9071268145544,1070.989356359418,0,388.1318271160125,64.67677652835847,264124.5140653711,8541.455144842648,256289.8699746749,31771.367816833732,1083.5397383366223,270.74676934992783,NA,NA,NA,NA,NA,344869.51446533174,72949.63073730473,508861.95373535174,312154.9987792973,Lab
sm11,30,ACSA,1347.36909892739,0,0.361045607497091,204836.596302565,NA,NA,2.4712805217189717,2.4538491551646806,2.2818784645622197,NA,NA,0.06807697233332177,0.08954000112130668,0.04289441798746123,NA,NA,24.2,24.2,24.2,24.566666666666663,245.25,17.35,0.75,21.875,30.604872006606108,33.216149994673486,30.379448503417393,44.1023352669939,49.73680012761205,43.63574813811781,0.6454888837217079,0.6018994216943904,0.6502052711376779,29393.43801358851,9589.79862492256,615.3719949815968,256.35190703311446,58122.06361351947,11740.136495450635,15.83255627593361,38.0993718869168,0,490.00467614715404,0,302.2266233839639,60.436836466556635,4849.963663029979,1139.0461219296913,9600.584762136605,1131.1264796987887,3262.5561378793764,0,860.4019734917634,184.29946608659705,198253.82153522925,8793.65477819165,733.5848314815377,162.8844586600046,844.7184309743958,70.36176815716836,NA,NA,NA,NA,NA,131107.74714772316,21965.505088247926,1203390.1307641023,728438.4825171496,Lab
sm12,29.5,ACSA,568.554867929185,0,0.290420419615972,182507.237190894,NA,NA,3.8530699748650266,4.288483646371334,5.097907191263402,NA,NA,0.08320867433480719,0.03820005784718451,0.0937394657350544,NA,NA,25,25,25,35.388888888888886,298.6666666666667,16.933333333333334,0.6666666666666666,24.333333333333332,32.90074750830564,37.11983887210474,30.722347629796836,49.03295683119294,59.03267136450994,44.3466927337895,0.6205257556884424,0.599499120921961,0.5893218456468604,234936.79884003435,5477.211417221443,369.646843769207,92.39678441434508,1379318.0437785806,0,108.64373215511326,0,0,89.44094050603161,44.71930428788587,508.54896626821386,0,6898.3902404303535,1828.96230674068,10246.470778101333,845.9870102772702,629.3950435716355,0,1314.0089628173048,437.7801679983373,249496.59610661893,7698.577810168343,61033.832566746816,16354.265224397568,1075.8887411091612,418.2409219704711,NA,NA,NA,NA,NA,727799.7123904346,348111.27453315584,731707317.0731707,3094398.4613185977,Lab
sm13,30.5,ACSA,8785.83100149222,0,0.687619012716792,187486.639318819,NA,NA,2.555819657450225,2.465102052707527,3.16779388793963,NA,NA,0.02256753721604689,0.01663873115155567,0.02424968578669189,NA,NA,26,26,26,40.54444444444445,246,16.833333333333332,0.6666666666666666,21.666666666666668,31.48684916800859,37.59840652565683,33.58718070759955,45.957380131620184,60.25231798145614,50.573339703774465,0.6127487811857711,0.6316631512725147,0.662010148798509,475.7990165310014,52.85280309000069,387.38631622083363,48.41392266063731,109.88364274001245,0,34.874969758064516,21.10071927309036,21.10071927309036,495.4081779676966,0,837.4641119445857,46.50314353941555,6191.076290222908,1906.93007842187,10673.34938049315,942.160177230834,1053.3293167197614,526.5063982615993,370.57228509892406,52.92854894425988,137981.93777761163,7124.898414457988,355332.348632814,16848.84109497069,1270.6200321239153,126.9791241968282,NA,NA,NA,NA,NA,128311.18884007598,48417.37062232929,33645.337457814916,27164.52509000159,Lab
sm14,26,ACSA,501.658558147087,0,0.329186474221146,206239.315819739,NA,NA,NA,2.363593951891974,1.941466274937048,NA,NA,NA,0.06046816094925775,0.00918368799719015,NA,NA,26.8,26.8,26.7,27.34166666666667,295,17.55,0.625,18.5,32.490766389658354,36.323874546618306,34.224137931034484,48.127885108565565,57.04473111073882,52.03145478374835,0.5615743687175768,0.5730958124252379,0.5994859212319523,868955.5572685509,436499.05565375317,1058.5814802344246,0,1945890.4595841866,210565.35834314252,57.361685496636326,42.45447112338029,0,0,0,2343.4382940208156,104.0152140004621,7442.047721461259,2374.832744319118,4560.867311092548,480.6203525349901,821.9836559970796,0,1186.559244904549,237.1788797131425,206526.30303657995,11763.76327677682,199791.24685715215,35600.52599225728,0,0,NA,NA,NA,NA,NA,710383.4097307614,107314.94998748823,7027734.093839971,1462997.7586859742,Lab
sm15,25.5,ACSA,5941.96583362483,0,0.513727467527796,188889.556987906,NA,NA,2.02970445708602,2.1024058032445585,2.681975801457124,NA,NA,0.01280774239620725,0.0544522993251354,0.02135706759497512,NA,NA,21.5,21.5,21.5,28.200000000000003,390,18.8,1,20,30.122388689596956,31.882160392798692,31.70731707317074,43.10735316321908,46.80442095146565,46.428571428571445,NA,0.5994031088910637,0.6734873148528354,69728.49498156634,2153.8323981667286,193.82637421957915,145.36549188509736,115563.20328144381,15549.659729003879,NA,NA,NA,82.870684459764007,0,194.24293015407738,0,NA,NA,NA,NA,2418.315210262269,60.3714441301442,699.9831229771096,174.9381059881584,NA,NA,NA,NA,987.9451505944187,290.4491347759041,NA,NA,NA,NA,NA,33292.079230077885,157.5313844728125,2379482.833917394,841.5694647747699,Lab
sm2,37,ACSA,2285.7431456669,2436.74455888474,0.377848400086552,191373.020034356,NA,NA,NA,NA,NA,NA,NA,NA,NA,NA,NA,NA,20.7,20.7,20.7,41.525,383.25,17.4,1,19,32.2884699693117,36.298726360478575,7.194492254733211,47.68533505988993,56.982732505301414,7.752225519287824,0.5931623268827475,0.6338714279831497,0.6208140911351095,498298.7765608161,213150.41903791737,482.39170103885783,144.6892280244689,1074782.4482534123,1684.2205291506898,NA,25.27200144541583,0,174.86056577447084,0,536.669902075296,0,9430.6249192307,2778.2573213790506,17154.346990879065,1574.1612632171827,585.2181635921078,0,10315.701879304022,8528.125697168822,170344.41132785226,8288.788062900132,306187.66769001866,45408.182320408836,716.8352895805814,298.60911243225735,NA,NA,NA,NA,NA,457656.3780335173,220269.63069521118,4011733.131847162,523620.95624551,Lab
sm3,27.5,ACSA,6214.78692944427,20655.2267277943,0.482011932884677,202819.916178094,NA,NA,NA,NA,NA,NA,NA,NA,NA,NA,NA,NA,19.5,19.5,19.5,40.125,418.75,17.525,1,13.75,29.838709677419352,35.50065019505851,26.360384108454156,42.528735632183896,55.04032258064516,35.79647149066735,0.618125454916013,0.6190855752249848,0.6510108405666637,732421875,732421875,142.11512681992212,47.369138821296225,7138477.563858032,0,34.834666087115664,40.86248556034967,0,49.40995122983123,0,2160.033036489038,0,4975.5629124788165,1637.145636895042,8357.618882787032,483.7442555949417,802.3609393428263,185.09476271510462,1774.4377255439795,672.63253731653106,129290.43972300222,11314.591761040301,229001.31388362445,32732.37462761557,1112.570217879659,468.2777897186729,NA,NA,NA,NA,NA,6455647.230148315,6106269.121170044,8318976.402282715,7372331.857681274,Lab
sm4,29,ACSA,4261.54172133623,12904.7994024887,0.428563681497035,199990.76895274,NA,NA,NA,NA,NA,NA,NA,NA,NA,NA,NA,NA,21.9,21.9,21.9,38.425,442.5,18.25,1,17.5,31.893827680640413,37.22070330913547,31.51294498381877,46.82957005876896,59.2881814086199,46.01299468399291,0.6208137917811338,0.6393441137442887,0.6501934732356695,3298946.257560484,2269537.7754176264,154.20985903367833,51.39998530465331,5558741.809475807,2977.899692025602,0,17.786574843107054,0,182.09763236357395,45.520523917977904,658.7923946468509,101.31794255450045,4081.5346624573044,989.5474282725,2789.6145079609405,710.9700179681533,700.0291304233529,0,613.7363509648403,278.91366575170787,148383.94080802848,12525.469346753442,114751.94206636558,24088.255896662453,709.4587258548389,177.30575967613885,NA,NA,NA,NA,NA,1786296.2854622698,1324098.8454511105,691244239.6313365,4357256.03938652,Lab
sm5,27,ACSA,17734.5774658541,2.19226877819496,0.791724824171915,186839.575596206,NA,NA,NA,NA,NA,NA,NA,NA,NA,NA,NA,NA,22.9,22.9,22.9,37.375,414.75,18.85,2,14.5,34.330759330759335,36.89567430025446,32.510288065843625,52.27829495345419,58.467741935483886,48.170731707317074,0.5878816651834028,0.5714636078999858,0.6309205006866455,1275.517626436886,0,334.67192235969287,47.80241661326469,228.33961658848952,0,0,63.61890420335376,21.20501460345832,94.87473159940059,0,642.9085474528241,0,6376.306076495965,1954.3520888389914,15009.341427035344,1872.4166255501873,232.71853120815135,0,57.78350761372171,0,244405.5925335801,8915.436616417954,281382.88391331,29983.064649221164,361.11414344091475,180.53838999759571,NA,NA,NA,NA,NA,138172.96056690344,599.1643149695711,1006869.3789179492,295808.6664805157,Lab
sm6,24,ACSA,4616.62298085618,0,0.4467486812508,193947.002945723,NA,NA,NA,NA,2.7752164555977163,NA,NA,NA,NA,0.03822991116307915,NA,NA,21.5,21.5,21.5,36.075,386,18.675,1,17.5,32.34723015419759,34.815145761197364,33.446615689606354,47.81360796893464,53.409869773817675,50.25531914893618,0.5686792590039679,0.5603262123159136,0.5595939300802614,300389.5764102306,143055.74679261682,240.51454285500776,0,715146.8286017132,270134.2831290733,16.711709838585705,36.26150255267693,0,131.1783219726993,0,909.945382891109,0,4262.855197721772,1137.9718780517583,8323.362527206593,1348.5493807258754,1879.689391230197,55.22415461674542,1199.9787877521255,505.0443642512318,164652.8427276494,15633.668467047408,173072.89742134718,31232.1813870582,1242.7952088100776,236.5792301339162,NA,NA,NA,NA,NA,649668.2261968678,174253.4583213768,4986032.032175652,1881828.53228673,Lab
sm7,43,ACSA,33725.9702779715,63.4444850895473,1.19986132699433,166489.550623413,NA,NA,4.4075580815683635,3.800519964607436,5.3763073231418375,NA,NA,0.7977424920530831,1.935544301747131,0.1234014709371636,NA,NA,24.8,24.8,24.8,33.4,401,18.875,1.5,20,32.72521129663987,28.98535780573314,32.27988527517723,48.64409376436342,40.81603020182954,47.66661339299984,0.6266705256658615,0.6612348567888445,0.6558376389995899,943.4202442998478,179.61862942446814,1698.0171203613313,43.49492407353778,63.59441448812898,0,35.49555455962588,50.30435835733814,12.575130337523499,95.54210559556586,0,771.9558218251086,55.11652840220414,3675.694495369846,878.5899319132131,4638.179668931144,847.8908728590997,936.2119524731077,103.97068202384972,526.5507577122123,175.48079291979494,167222.72841705542,12194.017646652766,114045.51946528819,20256.722454532926,813.223297166911,406.51063032185624,NA,NA,NA,NA,NA,532458.451865376,164855.6142613507,488133.1291751587,345264.7996985391,Lab
sm8,26.5,ACSA,1978.74132943142,0,0.379791519521144,197924.655321083,NA,NA,2.7173166577771433,2.556556037479617,2.1490556876649336,NA,NA,0.22664179422999955,0.4321467651348274,0.08172624726877775,NA,NA,23.4,23.4,23.4,38.075,412.5,18.65,1,20,32.79695109040863,37.66557115825117,36.0196862503845,48.80277252678008,60.424988017255146,56.298076923076934,0.6094843721352672,0.6009393013854186,0.6283984401073761,1214.8188942133277,0,1447.4093914031976,1073.6554180380163,55.29974878011541,0,276.3987749447717,19.15960950460637,0,2548.175629934941,1951.129576182058,331.47360601557455,0,7966.381460647698,2109.371597531617,12372.178851433519,1676.8252793348056,283.5202803086142,0,1230.0570668030573,292.71384710362906,116516.13294463806,13551.708173681607,184911.40401588296,21847.970080825533,1738.1616476867725,248.0978081456008,NA,NA,NA,NA,NA,565543.1530047926,90040.58875697348,4214200.128530723,2237447.0222102674,Lab
sm9,26,ACSA,7810.67030682854,0,0.649266265726461,189992.32933615,NA,NA,3.9960257946814184,3.18146025687576,2.684870359773352,NA,NA,0.18951819193455283,0.1963257477016888,0.03073498265069438,NA,NA,23.5,23.5,23.5,36.4,426.5,19.075,1,20,32.008473721375964,33.94678935787157,33.32016850974198,47.077151335311555,51.3930950938825,49.970384995064194,0.6471210882469599,0.634063452044944,0.6415579637126538,799.9284134712085,99.95045184041382,188.5172935713709,94.25352588515706,518.1825690669939,194.28195082582548,36.6363009118541,18.806276924818864,0,155.63793634243066,51.87621136858045,680.8951729908588,56.72072074958122,6667.525934955634,1115.8850281796554,6416.023232224119,855.8761064589694,1213.310654536106,0,620.4969686223193,281.9886794895864,148532.95439282455,13193.721466876083,177578.23430015272,37892.77220482492,902.9308954874705,225.64465756964896,NA,NA,NA,NA,NA,778998.5239505786,261365.8234477046,450075.65617561375,335577.40598917013,Lab
smr1,41,ACSA,NA,NA,NA,NA,NA,NA,NA,NA,NA,NA,NA,NA,NA,NA,NA,NA,NA,NA,NA,NA,NA,NA,NA,NA,NA,NA,NA,NA,NA,NA,NA,NA,NA,NA,NA,NA,NA,NA,NA,NA,NA,NA,NA,NA,NA,NA,NA,NA,NA,NA,NA,NA,NA,NA,NA,NA,NA,NA,NA,NA,NA,NA,NA,NA,NA,NA,NA,NA,NA,Ridge
wa1,36,FRAM,3095.76179497174,0,0.3746799557199,192548.573014947,NA,NA,NA,2.491474757888802,4.9569824364751724,NA,NA,NA,0.14244979487224874,0.05421207245953016,NA,NA,21,21.2,21.5,NA,NA,NA,NA,NA,33.16570881226053,33.4006161691278,30.82609875203472,49.62379075600143,50.15153932046579,44.56319246984998,0.5359391564680311,0.6018994216943904,0.5850320845502979,2850.3984492446907,45.167837872066826,396.02171092156647,98.98545284187698,351.29370793392707,50.17568691027319,54.07037896510706,0,0,37.95391003025679,0,650.4275505806672,0,12242.539547247889,1047.7253645776666,11088.854771094077,1021.3133677287447,413.9252510341233,0,1565.9705782920732,0,171121.20855998463,10393.60403352838,336198.621886062,59414.994826010574,14260.07689984266,2190.627288182045,NA,NA,NA,NA,NA,NA,NA,NA,NA,Lab
wa10,30,FRAM,558.022004469396,0,0.275640484711213,193693.321137386,NA,NA,2.3798226635630506,2.4293138837372115,2.37406021256008,NA,NA,0.00183256494129598,0.00718814810454795,-0.01380597689030603,NA,NA,22.8,22.5,22.7,23.87777777777778,230,18.166666666666664,NA,NA,30.908184876043354,32.0817843866171,29.388646288209607,44.73494410385864,47.23590585659551,41.62028447742733,0.5324827233557328,0.5262419413474164,0.5507323659479677,438.946716993758,48.760758730971695,3881.153887629623,867.3604268818613,692.0121827171847,57.646335618009836,41.288514233855565,57.2924669506249,38.193938557787064,5405.065897422475,0,1232.1709718519053,0,8734.58991307632,1992.4133207490995,11178.1679010922,1258.5899788169684,883.3310340448569,0,112.55463711845097,0,104777.14553150813,11716.395149624514,373290.7366487302,54983.666667119534,5723.188671188429,1287.126734327202,NA,NA,NA,NA,NA,NA,NA,NA,NA,Lab
wa101,41,FRAM,5552.58694994758,5.99096189425362,0.458469636501955,190811.898315423,NA,NA,2.399144699915986,2.7797812530092294,3.670563102749389,NA,NA,0.01036814771280912,0.01896414361256259,0.0175692058862525,NA,NA,21.7,21.9,21.7,22.15833333333333,203.75,16.975,1.25,15.25,30.767524401064772,32.62707441811919,38.51992409867172,44.440884331944886,48.4275755228505,62.65432098765431,0.5993070968601666,0.6197576594412649,0.6120075904213406,374.27019168980326,0,136.3509844390603,45.44797709076139,552.3675567165939,69.0259975138434,0,0,0,246.95454512612292,61.732134665710774,3261.4617551107535,0,6280.847739057924,2095.9702151560646,7265.940190119664,1148.5816706534588,704.8424552468689,70.45883518213766,190.04436042071515,63.343316104739785,169282.4514288652,10571.159675107368,412975.8631671373,59148.929456459264,10170.215623804263,1573.1652379630184,NA,NA,NA,NA,NA,NA,NA,NA,NA,Lab
wa102,29.5,FRAM,39465.361132044,0,0.985682886283832,163011.432754987,NA,NA,0.943045907782904,0.9902574229069966,0.9745537895645042,NA,NA,0.01328551526933743,0.01617187756898979,0.01371416783295408,NA,NA,21.9,21.9,22,22.15833333333333,203.75,16.975,1.25,15.25,34.02289076550161,40.88429804518913,33.812949640287776,51.71828643351615,70.08989387798829,51.08695652173915,0.5202891954317916,0.509503843961009,NA,3506.4910711507114,47.938981030887305,167.1001263499515,118.70257019217924,450.31780310770256,150.08008556639226,NA,NA,NA,209.68630667881092,23.61315954476595,1185.358454116245,0,NA,NA,NA,NA,964.7015744851808,33.45667943358419,318.7548987596872,63.7416569552874,NA,NA,NA,NA,5692.901552733746,613.3512013860178,NA,NA,NA,NA,NA,NA,NA,NA,NA,Lab
wa103,36,FRAM,609.523901976424,93.4765301752358,0.265506136317408,193707.406753027,NA,NA,2.5058578508714304,2.1674155638925905,3.3547982033767236,NA,NA,0.01321599647318395,0.00661734079689015,0.10017426304444547,NA,NA,22.2,22.3,22.1,22.15833333333333,203.75,16.975,1.25,15.25,30.301914580265095,40.451112877583455,36.98143421908622,43.475964078182784,67.92925079259133,58.6833955372032,0.545252323465057,0.5754001011667701,0.5818476925351903,569.2254219736373,43.7723401074226,0,0,317.8869015895405,52.97246133233166,NA,NA,NA,90.59856979289384,45.29809294935543,2808.0927146660097,0,NA,NA,NA,NA,887.8380410125317,0,335.9033470297905,0,NA,NA,NA,NA,1626.848124711245,1626.848124711245,NA,NA,NA,NA,NA,NA,NA,NA,NA,Lab
wa103*,NA,FRAM,1005.50516221863,0,0.295717695011328,193294.208434326,NA,NA,NA,NA,NA,NA,NA,NA,NA,NA,NA,NA,NA,NA,NA,NA,NA,NA,NA,NA,32.87234042553192,44.94851099359867,35.806312148724615,48.96988906497624,81.64812942366027,55.77855603448278,0.545252323465057,0.5697353913438368,0.6087047970799553,1144.635352757896,103.99580518207948,2241.432666778564,279.86384214794793,527.5640894870947,117.20892668950691,NA,NA,NA,142.05816085105602,47.35014052934733,1034.5896281818368,47.00023017012245,NA,NA,NA,NA,1034.6306629500962,0,888.06090378525,104.43091171212697,NA,NA,NA,NA,6840.0471019839015,915.6952134948642,NA,NA,NA,NA,NA,NA,NA,NA,NA,NA
wa104,35,FRAM,739.452243851723,0,0.290933214650571,190890.838924545,NA,NA,2.9529872226334,2.090150125465118,2.1545925643761703,NA,NA,0.6462053176494873,0.11540332300939396,0.00657883356573127,NA,NA,23.4,23.4,23.5,18.68888888888889,181,18.233333333333334,1,14.666666666666666,37.163066335308734,NA,NA,59.1420748402799,NA,NA,0.4799141507892555,NA,NA,NA,NA,284.8199333769018,237.34351900496264,NA,NA,444.69750237717903,18.497007920986093,0,706.4272227101882,47.07750374987976,NA,NA,4318.792071848771,881.5668653194967,7423.165088563465,758.5847471642687,2106.654739094634,1300.5732895726571,NA,NA,154369.4630666693,13893.936779910915,377713.7816421644,58982.19131109272,14285.85775114838,4736.222750168382,NA,NA,NA,NA,NA,NA,NA,NA,NA,Lab
wa105,23.5,FRAM,NA,NA,NA,NA,NA,NA,2.09226527753205,5.110379508168526,2.8168454546705415,NA,NA,1.840376422382222,-0.01579802807823778,0.11878578608252412,NA,NA,23.3,23.2,23.5,18.68888888888889,181,18.233333333333334,1,14.666666666666666,NA,NA,NA,NA,NA,NA,NA,NA,NA,NA,NA,NA,NA,NA,NA,NA,NA,NA,NA,NA,NA,NA,NA,NA,NA,NA,NA,NA,NA,NA,NA,NA,NA,NA,NA,NA,NA,NA,NA,NA,NA,NA,NA,NA,NA,Lab
wa11,27,FRAM,NA,NA,NA,NA,NA,NA,NA,NA,NA,NA,NA,NA,NA,NA,NA,NA,NA,NA,NA,NA,NA,NA,NA,NA,NA,NA,NA,NA,NA,NA,NA,NA,NA,NA,NA,NA,NA,NA,NA,NA,NA,NA,NA,NA,NA,NA,NA,NA,NA,NA,NA,NA,NA,NA,NA,NA,NA,NA,NA,NA,NA,NA,NA,NA,NA,NA,NA,NA,NA,Lab
wa12,56,FRAM,57862.0307610254,0,1.29219420121862,101055.745853962,NA,NA,4.5454478130522675,3.0630498973707385,5.392341086403683,NA,NA,0.11401463543396242,0.03385080252883637,0.06121712974395074,NA,NA,22.1,22.1,22.1,19.525,229,18.15,0.75,20.75,31.77437020810515,28.012728392527197,28.82475779672042,46.57248354471023,38.91344645658062,40.49829253042182,0.5980589404585034,0.6733323726818886,0.6641556209685808,445.7729327969436,0,0,0,476.63661038003346,52.94658788820592,19.014093968871595,41.1929458379745,0,45.49051091619211,45.49051091619211,NA,NA,9444.648653616712,2112.137946637223,1555.561637878419,56.7901253700255,771.7983626189585,0,266.9329832239851,0,114530.68952152238,13274.044378258366,130749.82910156251,13216.702651977539,1464.2670618228628,470.3888976679857,NA,NA,NA,NA,NA,NA,NA,NA,NA,Lab
wa13,23.5,FRAM,NA,NA,NA,NA,NA,NA,NA,NA,NA,NA,NA,NA,NA,NA,NA,NA,NA,NA,NA,NA,NA,NA,NA,NA,NA,NA,NA,NA,NA,NA,NA,NA,NA,NA,NA,NA,NA,NA,NA,NA,NA,NA,NA,NA,NA,NA,NA,NA,NA,NA,NA,NA,NA,NA,NA,NA,NA,NA,NA,NA,NA,NA,NA,NA,NA,NA,NA,NA,NA,Lab
wa14,47,FRAM,11652.915200404,0,0.600785553619708,185692.677599324,NA,NA,3.300951579054399,3.6097136074202822,4.956969422378847,NA,NA,0.08735492193414875,0.09676792973888634,0.05338959558862147,NA,NA,21.4,21.3,21.5,NA,NA,NA,NA,NA,33.08948343623353,30.933304460805537,33.812949640287776,49.586550937820405,44.78758426085592,51.08695652173915,0.5326747474175271,0.6124607450930797,0.6008964727407251,515.8690386013424,24.979777038979105,283.0231776499627,175.65324347917468,365.81548123099526,97.11660190796218,NA,NA,NA,48.81255832762863,0,974.6770905077149,0,NA,NA,NA,NA,840.2818571856081,84.57429917915802,146.2031781936543,0,NA,NA,NA,NA,6781.761162247163,988.7346877644356,890046.3176223467,192184.6281807375,1309180.8678968914,961157.3993035118,NA,NA,NA,NA,NA,Lab
wa14/1/xv,NA,FRAM,NA,NA,NA,NA,NA,NA,NA,NA,NA,NA,NA,NA,NA,NA,NA,NA,NA,NA,NA,23.258333333333333,220,18.2,0.8333333333333334,16.666666666666668,NA,NA,NA,NA,NA,NA,NA,NA,NA,NA,NA,NA,NA,NA,NA,NA,NA,NA,NA,NA,NA,NA,NA,NA,NA,NA,NA,NA,NA,NA,NA,NA,NA,NA,NA,NA,NA,NA,NA,NA,NA,NA,NA,NA,NA,NA
wa15,22,FRAM,7207.40560642368,0,0.498207675539373,199700.090348482,NA,NA,1.6142172157955197,1.6054648480491829,1.923821250940709,NA,NA,-0.00463284828364424,0.01211013393954461,0.0238633381544014,NA,NA,23.2,23.2,23.2,25.858333333333334,203,17.975,1.25,17,31.89348386305067,30.822831727205337,NA,46.8288288288288,44.55636519502785,NA,0.5328667714793216,0.513399193406164,NA,2622.962961178767,93.53614337884005,108.26034516823026,108.26034516823026,600.053585300881,0,109.05622473458911,42.093353887890466,0,0,0,3054.9786163373597,0,7123.661953866777,1895.5500502335406,16813.068142768494,2946.0648063776503,624.9235606775048,0,1475.8175203555465,157.9991616167046,166932.3934892718,38872.810071735345,405585.3710017315,54138.309402376035,9246.70196161039,3783.2789304779776,1473101.181402439,423782.1551067073,2423364.7937309486,2013992.949695122,0,NA,NA,NA,NA,Lab
wa2,34.5,FRAM,NA,NA,NA,NA,NA,NA,NA,NA,NA,NA,NA,NA,NA,NA,NA,NA,NA,NA,NA,NA,NA,NA,NA,NA,NA,NA,NA,NA,NA,NA,NA,NA,NA,NA,NA,NA,NA,NA,NA,NA,NA,NA,NA,NA,NA,NA,NA,NA,NA,NA,NA,NA,NA,NA,NA,NA,NA,NA,NA,NA,NA,NA,NA,NA,NA,NA,NA,NA,NA,Lab
wa3,22.5,FRAM,NA,NA,NA,NA,NA,NA,NA,NA,NA,NA,NA,NA,NA,NA,NA,NA,NA,NA,NA,NA,NA,NA,NA,NA,NA,NA,NA,NA,NA,NA,NA,NA,NA,NA,NA,NA,NA,NA,NA,NA,NA,NA,NA,NA,NA,NA,NA,NA,NA,NA,NA,NA,NA,NA,NA,NA,NA,NA,NA,NA,NA,NA,NA,NA,NA,NA,NA,NA,NA,Lab
wa4,34,FRAM,NA,NA,NA,NA,NA,NA,NA,NA,NA,NA,NA,NA,NA,NA,NA,NA,NA,NA,NA,NA,NA,NA,NA,NA,NA,NA,NA,NA,NA,NA,NA,NA,NA,NA,NA,NA,NA,NA,NA,NA,NA,NA,NA,NA,NA,NA,NA,NA,NA,NA,NA,NA,NA,NA,NA,NA,NA,NA,NA,NA,NA,NA,NA,NA,NA,NA,NA,NA,NA,Lab
wa5,34.5,FRAM,997.362862441727,696.694322247827,0.294162578358538,195681.378290725,NA,NA,2.895521765637013,2.815205059489507,2.546485897031737,NA,NA,0.9362957280922324,0.7047003511150582,1.0399466116330385,NA,NA,23.2,23.2,23.2,30.066666666666663,202.25,18,1.125,16,37.05658979346115,42.095077829196455,34.11693791440627,58.87286639199531,72.6968904388259,51.78408051235132,0.6524977619772016,0.6607547966343588,0.6542465696422216,1751.0611928584692,99.96314567018594,199.36678909707325,99.6775175819454,1417.8117383235679,0,58.02121702722462,36.44634659091637,0,104.67095878617529,0,606.0093898690826,0,8511.021845946965,1971.7384893202554,6843.650908697232,1791.7157638640626,303.83063030653943,0,935.0229533757438,186.92199648456264,162243.83207321927,37751.50862244836,86118.66178966698,19877.027329944434,64.95528030155717,64.95528030155717,16816.314609571407,550.5965358909518,3406.5095857642164,2406.6267684958475,19.339339824677268,NA,NA,NA,NA,Lab
wa6,21,FRAM,NA,NA,NA,NA,NA,NA,NA,NA,NA,NA,NA,NA,NA,NA,NA,NA,NA,NA,NA,NA,NA,NA,NA,NA,NA,NA,NA,NA,NA,NA,NA,NA,NA,NA,NA,NA,NA,NA,NA,NA,NA,NA,NA,NA,NA,NA,NA,NA,NA,NA,NA,NA,NA,NA,NA,NA,NA,NA,NA,NA,NA,NA,NA,NA,NA,NA,NA,NA,NA,Lab
wa7,40,FRAM,NA,NA,NA,NA,NA,NA,NA,NA,NA,NA,NA,NA,NA,NA,NA,NA,NA,NA,NA,NA,NA,NA,NA,NA,NA,NA,NA,NA,NA,NA,NA,NA,NA,NA,NA,NA,NA,NA,NA,NA,NA,NA,NA,NA,NA,NA,NA,NA,NA,NA,NA,NA,NA,NA,NA,NA,NA,NA,NA,NA,NA,NA,NA,NA,NA,NA,NA,NA,NA,Lab
wa8,32,FRAM,NA,NA,NA,NA,NA,NA,NA,NA,NA,NA,NA,NA,NA,NA,NA,NA,NA,NA,NA,NA,NA,NA,NA,NA,NA,NA,NA,NA,NA,NA,NA,NA,NA,NA,NA,NA,NA,NA,NA,NA,NA,NA,NA,NA,NA,NA,NA,NA,NA,NA,NA,NA,NA,NA,NA,NA,NA,NA,NA,NA,NA,NA,NA,NA,NA,NA,NA,NA,NA,Lab
wa9,30.5,FRAM,NA,NA,NA,NA,NA,NA,NA,NA,NA,NA,NA,NA,NA,NA,NA,NA,NA,NA,NA,NA,NA,NA,NA,NA,NA,NA,NA,NA,NA,NA,NA,NA,NA,NA,NA,NA,NA,NA,NA,NA,NA,NA,NA,NA,NA,NA,NA,NA,NA,NA,NA,NA,NA,NA,NA,NA,NA,NA,NA,NA,NA,NA,NA,NA,NA,NA,NA,NA,NA,Lab
wax1,37,FRAM,5966.01252964509,17.19766835018,0.459472940053478,190007.224750997,NA,NA,3.53943666716962,2.9071000997891865,1.734772341802932,NA,NA,1.08983914926459,0.2562882893816818,0.03442907414702642,NA,NA,21.4,21.4,21.3,NA,NA,NA,NA,NA,32.339202299676614,36.04887983706721,31.164874551971316,47.796070100902824,56.36942675159236,45.27466805519394,0.5423719625381418,0.6029555540342593,0.5930881484014948,1469.326795205562,0,343.57344718288147,294.48240915005124,260.5691111299416,52.10758071150303,NA,NA,NA,0,0,482.0088751217314,0,NA,NA,NA,NA,997.6624370478911,0,0,0,NA,NA,NA,NA,8333.148072949438,3025.983949359375,6389207.798800022,2403889.278713748,2894660.6752683786,2587322.9212040557,NA,NA,NA,NA,NA,Lab
wo1,36.5,QUAL,6760.52164235556,0,0.49330199488247,172230.588358744,NA,NA,0.8840213287942953,0.5544997825858841,0.6443117650134396,NA,NA,0.06281724928472017,0.03797500958077295,0.09565881221240068,NA,NA,18.1,18.1,18.1,17.975,332.25,15.275,7.625,15.375,5.877788554801152,46.616481774960384,46.19793348401679,6.244847485572946,87.32373459997032,85.86646661665415,0.9317007478261868,0.6468330521542682,0.6421677731356465,136.73986036946457,45.57756098412624,197.70449704581293,98.84650431925456,526.9767203199582,43.902516834379206,0,0,0,0,0,0,0,452.9961153386475,0,550.5280272596208,91.69477293161079,60.446184979915145,60.446184979915145,796.7501878738434,0,35547.36986738615,10174.643553961741,67152.74616411544,13227.068314886406,284.75308602203376,0,10765.359624717383,118.86989297264464,437477.0161730808,321.1681255953978,0,NA,NA,NA,NA,Lowland
wo2,41,QUAL,NA,NA,NA,NA,NA,NA,NA,NA,NA,NA,NA,NA,NA,NA,NA,NA,NA,NA,NA,NA,NA,NA,NA,NA,NA,NA,NA,NA,NA,NA,NA,NA,NA,NA,NA,NA,NA,NA,NA,NA,NA,NA,NA,NA,NA,NA,NA,NA,NA,NA,NA,NA,NA,NA,NA,NA,NA,NA,NA,NA,NA,NA,NA,NA,NA,NA,NA,NA,NA,Lowland
wp bernice,58,PIST,NA,NA,NA,NA,NA,NA,3.5357451196516956,3.5740738308075777,2.5152122840687867,NA,NA,0.13679021500308058,0.04552291584855283,0.0347346297905203,NA,NA,30,30,30,20.395833333333332,296.25,19.525,2.0625,17.25,NA,NA,NA,NA,NA,NA,NA,NA,NA,NA,NA,NA,NA,NA,NA,NA,NA,NA,NA,NA,NA,NA,NA,NA,NA,NA,NA,NA,NA,NA,NA,NA,NA,NA,NA,NA,NA,NA,NA,NA,NA,NA,NA,NA,NA,Lab
wp06,NA,PIST,NA,NA,NA,NA,NA,NA,NA,NA,NA,NA,NA,NA,NA,NA,NA,NA,NA,NA,NA,9.158333333333331,313.5,18.425,10.875,14,NA,NA,NA,NA,NA,NA,NA,NA,NA,NA,NA,NA,NA,NA,NA,NA,NA,NA,NA,NA,NA,NA,NA,NA,NA,NA,NA,NA,NA,NA,NA,NA,NA,NA,NA,NA,NA,NA,NA,NA,NA,NA,NA,NA,NA,NA
wp08,NA,PIST,NA,NA,NA,NA,NA,NA,NA,NA,NA,NA,NA,NA,NA,NA,NA,NA,NA,NA,NA,10.908333333333331,262,18.4,7.875,14.75,NA,NA,NA,NA,NA,NA,NA,NA,NA,NA,NA,NA,NA,NA,NA,NA,NA,NA,NA,NA,NA,NA,NA,NA,NA,NA,NA,NA,NA,NA,NA,NA,NA,NA,NA,NA,NA,NA,NA,NA,NA,NA,NA,NA,NA,NA
wp1,72,PIST,NA,NA,NA,NA,NA,NA,NA,NA,NA,NA,NA,NA,NA,NA,NA,NA,NA,NA,NA,NA,NA,NA,NA,NA,NA,NA,NA,NA,NA,NA,NA,NA,NA,NA,NA,NA,NA,NA,NA,NA,NA,NA,NA,NA,NA,NA,NA,NA,NA,NA,NA,NA,NA,NA,NA,NA,NA,NA,NA,NA,NA,NA,NA,NA,NA,NA,NA,NA,NA,Lowland
wp10,48.5,PIST,NA,NA,NA,NA,NA,NA,NA,NA,NA,NA,NA,NA,NA,NA,NA,NA,NA,NA,NA,NA,NA,NA,NA,NA,NA,NA,NA,NA,NA,NA,NA,NA,NA,NA,NA,NA,NA,NA,NA,NA,NA,NA,NA,NA,NA,NA,NA,NA,NA,NA,NA,NA,NA,NA,NA,NA,NA,NA,NA,NA,NA,NA,NA,NA,NA,NA,NA,NA,NA,Lowland
wp101,33,PIST,1628.52876758095,0,0.279064798547918,162871.01036015,NA,NA,1.0231043312024477,0.9537063364974948,1.1933179280711923,NA,NA,0.01212934121154028,0.01005963935117303,0.01754765514168808,NA,NA,22.4,22,22.3,15.375,424.5,17.95,5.25,10,57.73328072598146,70.72397741903535,63.051775041405634,136.59276546091016,241.57645466847097,170.64899629701813,0.4114115523943951,0.28381156333204943,0.37738450324299466,790.1308943310071,0,653.1913397220193,356.22556768468326,300.1627693244069,50.01964939149071,0,0,0,0,0,812.7828062428152,0,754.895978022863,119.0853611681531,189.7960485192852,0,315.8828403900215,0,171.3312491421448,0,66775.90530503898,25823.658624783027,25104.505206466816,1444.987343467467,17217.278126793026,9275.394660429009,196331.64674662688,50586.96078971166,4245892.352095698,3617462.7920994065,0,NA,NA,NA,NA,Ridge
wp102,22.5,PIST,13465.6185862284,0,0.637429713514125,186738.466531953,NA,NA,0.6029430702210701,0.770999726630593,0.2569841094103316,NA,NA,0.00922112628375169,0.00972316408763039,0.00815624373912692,NA,NA,21.7,21.6,21.8,17.3,469,18.2,5,12,55.00828271673108,61.830125619453725,NA,122.2631320569465,161.98671497584542,NA,0.3911530138750911,0.3057613907033113,NA,2381.6591630933867,51.70301505159181,914.2878055572526,391.721606254578,527.9260219666,47.97948342849309,NA,NA,NA,0,0,766.1085931783396,0,NA,NA,NA,NA,840.4285311698925,193.8740015029905,181.20277937336,60.39655267797559,NA,NA,NA,NA,21693.067073822025,8793.050050735501,263137.0468139648,50485.37063598629,2999848.7548828125,2571899.230957035,NA,NA,NA,NA,NA,Ridge
wp103,44,PIST,17159.5457148697,0,0.709305960505205,173747.443211052,NA,NA,1.0937310142460597,0.914116170831626,0.6248462568934758,NA,NA,0.02226179085479321,0.00666862997830516,0.02246332060071427,NA,NA,22.1,22.1,21.5,13.85,414.25,18.275,4.125,15,52.406103286384976,69.80592441266599,NA,110.11097410604192,231.1907983761841,NA,0.3893287852880448,0.28381156333204943,NA,1102.5035720911371,157.41466656180867,1218.0267715733798,507.3021671289576,490.6880949241473,98.11539678653266,19.885000269236183,16.998916276191416,0,68.35863999257691,0,810.3727181908646,0,1481.3301380741536,116.72060847567614,59.28284192385326,0,617.6263006551526,61.74273199000316,437.3272855295879,0,162913.78331526613,50369.38589725777,3854.385502551173,0,13843.895752758577,7277.166388950741,125935.41746614958,38306.742469586214,3598152.0487765763,3114823.0589030427,0,NA,NA,NA,NA,Ridge
wp11,33,PIST,NA,NA,NA,NA,NA,NA,NA,NA,NA,NA,NA,NA,NA,NA,NA,NA,NA,NA,NA,NA,NA,NA,NA,NA,NA,NA,NA,NA,NA,NA,NA,NA,NA,NA,NA,NA,NA,NA,NA,NA,NA,NA,NA,NA,NA,NA,NA,NA,NA,NA,NA,NA,NA,NA,NA,NA,NA,NA,NA,NA,NA,NA,NA,NA,NA,NA,NA,NA,NA,Lowland
wp12,52.5,PIST,NA,NA,NA,NA,NA,NA,NA,NA,NA,NA,NA,NA,NA,NA,NA,NA,NA,NA,NA,NA,NA,NA,NA,NA,NA,NA,NA,NA,NA,NA,NA,NA,NA,NA,NA,NA,NA,NA,NA,NA,NA,NA,NA,NA,NA,NA,NA,NA,NA,NA,NA,NA,NA,NA,NA,NA,NA,NA,NA,NA,NA,NA,NA,NA,NA,NA,NA,NA,NA,Lowland
wp13,26,PIST,NA,NA,NA,NA,NA,NA,NA,NA,NA,NA,NA,NA,NA,NA,NA,NA,NA,NA,NA,NA,NA,NA,NA,NA,NA,NA,NA,NA,NA,NA,NA,NA,NA,NA,NA,NA,NA,NA,NA,NA,NA,NA,NA,NA,NA,NA,NA,NA,NA,NA,NA,NA,NA,NA,NA,NA,NA,NA,NA,NA,NA,NA,NA,NA,NA,NA,NA,NA,NA,Lowland
wp14,27,PIST,NA,NA,NA,NA,NA,NA,NA,NA,NA,NA,NA,NA,NA,NA,NA,NA,NA,NA,NA,NA,NA,NA,NA,NA,NA,NA,NA,NA,NA,NA,NA,NA,NA,NA,NA,NA,NA,NA,NA,NA,NA,NA,NA,NA,NA,NA,NA,NA,NA,NA,NA,NA,NA,NA,NA,NA,NA,NA,NA,NA,NA,NA,NA,NA,NA,NA,NA,NA,NA,Lowland
wp2,33,PIST,20674.2308283665,0,0.782517081493101,181378.347573822,NA,NA,0.9713519613243232,1.4973202817180158,1.2570078662076014,NA,NA,0.01053407026650132,0.01266513049844732,0.02476890502800039,NA,NA,19.3,19.3,19.3,21.308333333333337,290,16.1,16.75,19.875,49.46611217264247,51.987932334877705,58.08807885965535,97.8870106761566,108.28096947935369,138.59560067681895,0.431670090913699,0.427829609677812,0.37853976157592034,2246.710693552381,0,883.4076677253892,110.37750738466542,104.09681791705731,52.04686229782449,37.85403382977811,0,0,56.81786552339259,0,971.8173671336384,0,304.1193316998086,20.26644593291875,256.75604029827014,21.38896321074415,561.8607301911909,62.411266217331665,491.08005173149553,122.74417981860195,76.16700025266447,0,16042.321240187146,1374.7966497041257,16897.21866995988,7159.562881835209,247892.2312845015,63003.35729907373,7196527.355445359,5975767.58104884,18.926506692712948,NA,NA,NA,NA,Lowland
wp3,65,PIST,6213.95919898317,130.188722413543,0.47082755161868,183358.983811388,NA,NA,1.1998141507933793,1.0884041683012455,1.6337807255048746,NA,NA,0.07904624660700607,0.06492854985927173,0.22377429184556571,NA,NA,20.5,20.8,20.6,33.858333333333334,292.5,17.6,45,0,62.02006226219301,74.16998132965338,56.02799418988511,163.2969034608379,287.14644877435575,127.4174174174174,0.4216848397003928,0.305510282314811,0.4279672446291178,2526.5836715698215,148.41246817793143,792.8050499568546,396.3128516548555,433.8562062808443,0,NA,65605.74884284021,3167.5000946582286,66.00771776318193,0,752.7870791298999,0,NA,NA,8754.81812688003,6467.490186896565,309.60720457883934,61.912693327446306,859.3408550534928,132.149096046175,NA,NA,136400.81775165116,55186.29966183405,4148.2900791869015,2282.1354771323313,73943.98762192485,20145.167186930288,2184451.8788403054,1868280.3747788954,NA,NA,NA,NA,NA,Lowland
wp4,57,PIST,10076.3836673184,0,0.579037517693499,186307.177149484,NA,NA,1.1077352838548726,1.340670649417372,1.444871189946448,NA,NA,0.04319167533458608,0.10535052877177586,0.09638223211913424,NA,NA,19.5,19.5,19.5,28.950000000000003,307.5,16.45,37.625,0,56.8098568098568,70.11525060305547,64.77632969355408,131.5343099460293,234.61883408071748,183.9,0.3735828122209081,0.32116024335105053,0.3787191247050724,1188.7123558934277,309.9420335231804,1311.9009567924631,491.7304512322124,775.2755319508982,59.61201285694061,NA,57225.02394065978,13629.385733444045,0,0,630.7645693538695,0,NA,NA,2526.4777163530835,1592.4510910523268,427.67690873779065,0,138.2013914857323,69.09795127457052,NA,NA,669.1221668166422,283.7134270881256,20243.59407678112,8924.445571449336,705639.3693682014,158368.23725067405,737463126.8436579,8397290.975294985,NA,NA,NA,NA,NA,Lowland
wp401,46,PIST,2855.97217877322,0,0.36014774526429,194265.977646768,NA,NA,2.047256375175375,2.021021500154108,2.009164490687956,NA,NA,0.05859826522283044,0.05749637969097475,0.08118631792240931,NA,NA,17.7,17.8,17.6,9.75,266.25,17.525,3.75,18.375,51.028861571352216,NA,NA,104.20190995907232,NA,NA,0.35188409323814657,NA,NA,1672.314717465597,95.47184334848227,364.4225407470439,104.10472822166459,868.4312165755009,186.01736709232623,20.51208391785621,0,0,0,0,670.9657716613942,74.52548071670638,1155.62310218811,20.24151608347893,615.023159980773,81.94119036197671,425.3841064255437,0,3019.5484453971217,1005.3191123278475,152346.0662841798,45475.3555297851,27448.67019653319,7303.71894836427,7960.841660307366,4003.4274222068307,201635.36437871112,63799.131397093544,5027884.28015535,3989345.206408949,0,NA,NA,NA,NA,Ridge
wp402,44.5,PIST,8607.66763065614,0,0.535222541735936,179428.914046758,NA,NA,1.8226199174444777,1.753124910897801,1.6727066959014358,NA,NA,0.08701108246681166,0.03740440015064485,0.05115240682877257,NA,NA,19.7,19.8,19.6,10.608333333333333,167.25,16.325,3.25,19,58.32509066930432,50.25886490182672,62.29413129204361,139.95253164556965,101.0408483896308,165.21070439864658,0.36407762116208775,0.2444466306642077,0.3834897769432994,3500.2226968413424,0,1565.6333469466501,353.2730359531324,677.9555846186519,112.95534091667038,0,18.93612618738483,18.93612618738483,124.24612475859915,0,658.1484692767988,73.10264101884903,173.92207560927093,0,1045.2238467371028,135.31539515544307,703.0188446342103,58.562254728406444,0,0,37.53698310640999,18.767990243206757,49383.060922735676,18525.756866093216,20127.58687265198,8591.818741968626,469836.83210594475,96189.65559573087,7480077.295060198,7480077.295060198,0,NA,NA,NA,NA,Ridge
wp403,54,PIST,14127.7818725036,0,0.664608573862832,181115.210757392,NA,NA,2.305340788272398,1.88668841644622,1.6818356192637134,NA,NA,0.07490082379763603,0.0634217346028357,0.07843105840601199,NA,NA,20.5,20.5,20.5,14.666666666666666,251.25,16.9,4.75,10.225,53.92402247066022,NA,52.15660866345798,117.0328343795268,NA,109.0152834203908,0.3976818319760991,NA,0.402046490365763,2099.8890421031856,49.938335135623085,1094.772748494362,164.12838674440582,401.3100732392618,57.31864620802323,56.79888611515457,0,0,0,0,1253.561548075494,69.5948074173435,801.9097236615427,80.10701112780708,1010.887956619263,343.37714910507304,396.2040566549103,0,1059.7495730296018,529.7129836405973,73524.85031378074,25957.259417138554,55925.4913330077,14081.02455139161,16027.147762853265,7242.802696341225,308435.18537300674,78754.21563666394,7853201.936897256,6289438.491051558,0,NA,NA,NA,NA,Ridge
wp5,66,PIST,20702.349961365,0,0.778023573973771,165259.871745629,NA,NA,1.3025994109983563,1.1869422529945024,1.195015047084068,NA,NA,0.07541646338162267,0.05299335852375723,0.17450474849517414,NA,NA,20,20,20,29.008333333333333,182.3,16.625,8.75,7.5,55.575242145050794,74.06488549618321,52.004215133952094,125.09970752459454,285.5776306107432,108.35162979226484,0.36110124820427536,0.2609606999785218,0.3972101976957612,459.2872369541084,0,568.5669406501402,284.2332451258776,582.5408332178552,0,23.164887814869857,0,0,125.42221460868392,0,775.0209485271807,0,1032.6120974202522,219.45113055393128,551.0607536961105,308.4879977757427,441.7850086660741,63.09728611026337,5463.166223148922,1047.8752245143378,41391.56820862515,11130.886815865775,41373.073268251195,6739.281978858857,10598.47304032083,5908.806539168656,158597.57582491476,53579.22438392886,NA,NA,0,NA,NA,NA,NA,Lowland
wp6,43.1,PIST,833.578094657026,0,0.256601146079145,165744.895741233,NA,NA,0.4907700374026419,1.4525483508272303,0.43385548929766554,NA,NA,0.02839438911858171,0.01520271631962487,0.02874969216144146,NA,NA,19.8,19.9,19.7,NA,NA,NA,NA,NA,58.140355001763254,72.12228539472459,60.56450131635339,138.8935692221286,258.70946171848885,153.5786368576308,0.3418988420248404,0.28717198441345054,0.34699444002283947,1757.6705921184514,53.21127998007168,407.64434379525517,174.68111036578196,544.1853752383937,217.6338410401319,0,0,0,203.2646661973557,0,1013.7683623558742,0,1032.490047472942,242.66423115247397,266.1899297158299,57.02358357149289,657.11339993868,65.68879507540261,0,0,96289.09449034087,26014.679594884947,48838.384908522516,10372.718928549528,354.0587495081125,0,214411.54181957225,28116.66950583457,6072585.582733154,4145166.9931411743,0,NA,NA,NA,NA,Lowland
wp7,48.5,PIST,1332.57556711716,0,0.305671792216374,193089.504082982,NA,NA,1.454369324777054,1.533966333994833,0.926646565352882,NA,NA,0.06662546022430409,0.04532879309284234,0.00643272325714971,NA,NA,20.1,20.1,20.1,10.183333333333334,334.5,18.6,7.75,12.875,61.230266739248776,48.952600745606254,NA,157.9331648413367,95.89636584941752,NA,0.3418988420248404,0.5521651896896537,NA,2432.2838023088984,355.51080237264205,157.1350264832802,104.75354237764368,529.1836849157362,0,36.07056376518332,0,0,0,0,1439.1298743261814,0,516.0555551955663,59.506191522072854,264.0882710448833,37.71423138080443,425.7017486277376,0,62380.90957420456,19428.89033884239,55164.94611266322,18053.464828782773,63975.782226842246,18485.836439955972,2647.803370850998,1045.8478783474209,15319.12763007688,6198.199227732874,345282.0414003464,294565.6147891635,18.034818075051533,NA,NA,NA,NA,Lowland
wp8,38.4,PIST,3837.37105409481,0,0.399292315187707,195349.992194822,NA,NA,1.0837833849068754,1.1125618663146346,0.9998799002706668,NA,NA,0.01515925233534484,0.00683526027751007,0.02069176561827566,NA,NA,20.5,20.5,20.5,NA,NA,NA,NA,NA,52.16608664346574,70.96098953377735,61.21670042062627,109.05669844455596,244.36435124508512,157.84294034946777,0.38270395515613975,0.2930287182981783,0.3528520090323551,3980.299207483351,93.44422036345068,1846.1078204207402,579.7737905811321,371.5913680631585,46.44020185444843,0,0,0,57.69592924483603,0,682.2952315196674,0,793.1490039601584,75.45953275452202,120.8172922329179,0,729.7869990853711,0,64.6363457589903,0,118108.81207246742,35808.92141995863,47132.145955819324,3516.537695537834,14272.23919212758,7247.23460934084,328676.58977453376,95724.61899818998,723240115.7184185,6253184.187032907,0,NA,NA,NA,NA,Lowland
wp9,47.8,PIST,2956.53336351819,0,0.372413377860211,191379.896437062,NA,NA,1.448546286599592,1.6153885027575503,1.3224667362084417,NA,NA,0.00886850232908345,0.00714821025058098,0.038842577180206,NA,NA,17.9,17.9,17.9,16.441666666666666,352.5,18.6,6,22.375,53.77868557010693,48.09715547473698,55.613448143476106,116.35040291135952,92.66766766766769,125.293463486964,0.3693582828614324,0.3836640754651115,0.35545533671127066,1225.1820634393162,0,409.8396636768728,102.4420367564985,1120.8531611105957,0,0,0,0,0,0,760.279595851897,58.45933166496897,722.3710889303223,97.53039295348931,234.0454709669031,66.85385966115437,460.530424903253,0,17813.05705799779,6679.971077862904,93855.06110855311,32262.31396952759,99799.90799603288,17445.829962941934,1138.4510351512274,316.0887849545053,9286.663489427396,1530.3553221468414,64269.55697065344,55550.12982762501,0,NA,NA,NA,NA,Lowland
wpbernice,NA,PIST,40076.0300059562,0,1.28887852417457,113215.525332751,NA,NA,NA,NA,NA,NA,NA,NA,NA,NA,NA,NA,NA,NA,NA,NA,NA,NA,NA,NA,50.845105953582234,50.64734027582325,61.7593984962406,103.43854246856556,102.6233247790134,161.5021627998427,0.37415888440629114,0.3367141923563929,0.32667727397848034,3236.181186865095,50.47151998076429,1033.862857733031,413.3993642755663,459.3592256568265,0,NA,39.23622301566565,0,62.90184610624494,0,2424.9584959825365,52.64363574738404,NA,NA,7029.851215386472,701.9933067892799,320.8409575141915,64.15882516477785,25141.474109349343,7324.266711754956,NA,NA,232523.0840605254,37169.907907707195,15433.441724995886,5476.601221269055,123275.93939373308,22748.58678207323,7248076.814478439,4717681.550076333,NA,NA,NA,NA,NA,NA
wpx1,47,PIST,NA,NA,NA,NA,NA,NA,NA,NA,NA,NA,NA,NA,NA,NA,NA,NA,NA,NA,NA,NA,NA,NA,NA,NA,NA,NA,NA,NA,NA,NA,NA,NA,NA,NA,NA,NA,NA,NA,NA,NA,NA,NA,NA,NA,NA,NA,NA,NA,NA,NA,NA,NA,NA,NA,NA,NA,NA,NA,NA,NA,NA,NA,NA,NA,NA,NA,NA,NA,NA,Lab
wpx2,27.5,PIST,4109.02361415948,20.8771129234799,0.403446324464985,190224.629231914,NA,NA,2.2868744376294208,1.6851551809026035,2.448189763884521,NA,NA,0.05509539846477793,0.0522929057909729,0.0336945722120526,NA,NA,22,22,22,31.991666666666667,276.25,17.675,0.5,17.5,NA,52.72929818046788,72.38436593275303,NA,111.54752553024352,262.11372064276884,NA,0.2444466306642077,0.26701180129190316,1774.942736561112,143.77682248213273,NA,NA,334.4648926585509,47.77267604086342,435.4517249500058,53.54761708316952,35.69749324529805,NA,NA,431.46980915586045,0,11623.281591078823,798.3782010919912,7687.268392095018,1593.644326587892,NA,NA,0,0,390276.84828814416,59626.630895277944,140710.7947007665,27022.52145083446,NA,NA,NA,NA,NA,NA,90.6739164801206,NA,NA,NA,NA,Lab
wpx22,NA,PIST,8952.59256558111,10.1505071169105,0.557874329824138,184878.674701986,NA,NA,4.1737840515944225,4.100277695840832,3.636063327437952,NA,NA,0.08431908595545522,0.03445417662426209,0.07742804086502539,NA,NA,21.8,21.8,22,31.991666666666667,276.25,17.675,0.5,17.5,68.61829241798826,70.24886877828055,NA,218.65697473174103,236.1216730038023,NA,0.2773787572619387,0.2777628053855274,NA,608.7495564481285,101.42846437582999,208.81622201866597,0,455.8871316116617,91.15817254945009,NA,NA,NA,0,0,741.5354368504696,0,NA,NA,NA,NA,439.2142924997542,0,54.93678130690597,0,NA,NA,NA,NA,164.21428364184166,54.73443306982514,746.2962634033611,114.77045093973472,9374.81456332736,7847.248183356389,NA,NA,NA,NA,NA,Lab
wpx3,38.5,PIST,NA,NA,NA,NA,NA,NA,NA,NA,NA,NA,NA,NA,NA,NA,NA,NA,NA,NA,NA,NA,NA,NA,NA,NA,NA,NA,NA,NA,NA,NA,NA,NA,NA,NA,NA,NA,NA,NA,NA,NA,NA,NA,NA,NA,NA,NA,NA,NA,NA,NA,NA,NA,NA,NA,NA,NA,NA,NA,NA,NA,NA,NA,NA,NA,NA,NA,NA,NA,NA,Lab
wpx4,40.5,PIST,NA,NA,NA,NA,NA,NA,NA,NA,NA,NA,NA,NA,NA,NA,NA,NA,NA,NA,NA,NA,NA,NA,NA,NA,NA,NA,NA,NA,NA,NA,NA,NA,NA,NA,NA,NA,NA,NA,NA,NA,NA,NA,NA,NA,NA,NA,NA,NA,NA,NA,NA,NA,NA,NA,NA,NA,NA,NA,NA,NA,NA,NA,NA,NA,NA,NA,NA,NA,NA,Lab
wpx5,66,PIST,94757.8024609792,0,1.40468635191968,56525.68622804,NA,NA,1.7231445119840176,2.185517788422653,3.2481172088569004,NA,NA,0.06275568188694726,0.04557746007084181,0.0432325780065706,NA,NA,25.4,25.4,25.4,26.791666666666668,289.5,17.975,1.375,15.75,NA,9.90721340915894,NA,NA,10.996677740863795,NA,NA,0.5779924260009938,NA,150.3349485714619,0,220.92681767335594,110.45645866821046,228.96872105915745,91.58010825356703,19.269485681040884,0,0,0,0,559.4521559767688,0,13622.538463489445,996.1318191107321,757.2025760238733,37.8207080590892,246.601540650894,0,0,0,328502.8612291498,51314.94247161599,44957.913143534046,3808.8708416397008,560.5809279342194,62.2690947198156,3152.7202520797537,752.8821034217985,22501.44303734619,19006.6309117559,0,NA,NA,NA,NA,Lab
wpx6,96,PIST,NA,NA,NA,NA,NA,NA,NA,NA,NA,NA,NA,NA,NA,NA,NA,NA,NA,NA,NA,NA,NA,NA,NA,NA,NA,NA,NA,NA,NA,NA,NA,NA,NA,NA,NA,NA,NA,NA,NA,NA,NA,NA,NA,NA,NA,NA,NA,NA,NA,NA,NA,NA,NA,NA,NA,NA,NA,NA,NA,NA,NA,NA,NA,NA,NA,NA,NA,NA,NA,Lab
wpx7,NA,PIST,30282.284540887,10.680451463333,0.94166011284227,133171.96241455,NA,NA,1.7499733996885376,1.4415324250082855,1.5187941448080573,NA,NA,0.04570423292422806,0.04347473084293876,0.02807461500334777,NA,NA,26.5,26.5,26.5,24.35,318.75,18.2,0.75,13.625,59.12738781507857,72.42219722534684,NA,144.6626106194691,262.61046906866073,NA,0.34717950372418493,0.282467394899489,NA,401.2639699287194,0,1739.5159576547203,357.842206271808,228.95673159943095,91.57534602076527,0,0,0,59.86035019586283,0,846.9472617603996,0,15928.50941293722,2237.124105611082,8213.826429064018,961.3510604216675,1316.3202471582808,0,0,0,447979.02851027146,71170.99769029753,223708.3755920981,35280.835962741236,2708.557512835308,1072.1610063809742,169254.48879471488,49125.999297658534,4913547.286331482,4061026.7617299426,0,NA,NA,NA,NA,Lab
yb cul8r,21.5,BEAL,NA,NA,NA,NA,NA,NA,3.757093814667014,3.194217478112111,3.794319617356382,NA,NA,1.249679157500562,0.6397532922730653,5.312505319213853,NA,NA,30,30,30,NA,NA,NA,NA,NA,NA,NA,NA,NA,NA,NA,NA,NA,NA,NA,NA,NA,NA,NA,NA,NA,NA,NA,NA,NA,NA,NA,NA,NA,NA,NA,NA,NA,NA,NA,NA,NA,NA,NA,NA,NA,NA,NA,NA,NA,NA,NA,NA,NA,NA,Lowland
yb1,21,BEAL,NA,NA,NA,NA,NA,NA,NA,NA,NA,NA,NA,NA,NA,NA,NA,NA,NA,NA,NA,NA,NA,NA,NA,NA,NA,NA,NA,NA,NA,NA,NA,NA,NA,NA,NA,NA,NA,NA,NA,NA,NA,NA,NA,NA,NA,NA,NA,NA,NA,NA,NA,NA,NA,NA,NA,NA,NA,NA,NA,NA,NA,NA,NA,NA,NA,NA,NA,NA,NA,Lowland
yb10,21,BEAL,886.214905533392,0,0.3330455945269,215653.269800692,NA,NA,1.9909617937974913,0.6259538803743228,2.8743235073115136,NA,NA,0.05398939408170334,0.03779551990818296,0.5244075795945615,NA,NA,17,17,17,40.03333333333333,139,15.675,17,14.5,40.32560434139123,46.02448004776594,50.47281323877069,67.5760582010582,85.26917404129793,101.90930787589498,0.5806807628661147,0.5207692555862774,0.455079648709461,NA,NA,179.31268860896458,44.8244830800427,NA,NA,104856.39742514971,0,0,602.8617007864847,92.71899859110485,NA,NA,1555.9516267148324,858.4069634626018,388.15310625272485,68.46575257934141,901.1289311779861,60.04435320695243,NA,NA,45354.33832042934,9475.698870813056,41518.67483263814,11148.061707755112,347.4842756986618,115.81167992618334,NA,NA,NA,NA,NA,NA,NA,NA,NA,Lowland
yb11,21,BEAL,4833.91025753723,5509.38638599255,0.457736785716074,195320.253564285,NA,NA,1.325261060860304,1.32081685403855,1.5381451663498178,NA,NA,0.1608156834271179,0.16110143169256974,0.18052634097762543,NA,NA,20.3,20.3,20.3,36.583333333333336,241.25,15.7,8.75,13.5,35.3151542244077,43.22172537899445,NA,54.59571527297859,76.1237034191318,NA,0.5557176348328492,0.6807935614964497,NA,3075.546078770678,183.30780564862977,1918.9776594593643,91.285026025915,3702.2708795680096,0,0,143906.30371000135,72803.81910640032,261.98331701196906,104.78396269521612,1181.5846141475172,0,447.58913774978,0,1735.2405866962267,775.1918643530147,1629.1001263786766,0,1941.1947888328577,372.96821274790113,21.156271328257045,0,218040.70033910082,109875.28701501389,3097.2530929778386,315.54711572194515,NA,NA,NA,NA,NA,38798.15567719011,9799.856163495691,781136.9863242973,717987.4790053412,Lowland
yb11',20.5,BEAL,3993.07171060345,0,0.441741927866968,212056.246682488,NA,NA,2.848097989996215,2.8415810553200274,2.3159727236562904,NA,NA,0.645773581469576,0.37862950821541685,1.6833143077899533,NA,NA,20,20,20,44.916666666666664,143.25,15.85,11,19.75,39.02021606588939,35.49469727480199,NA,63.98877389931589,55.026014568158175,NA,0.547364588144795,0.5151159094025526,NA,832.3130371806369,260.0134133578059,362.3673692345618,0,4306.8724078731975,65.09888973031251,NA,NA,NA,192.99970673663245,0,897.1721201867159,0,NA,NA,NA,NA,532.9737351054233,0,1510.8784238298927,125.80767184585265,NA,NA,NA,NA,1520.9109655448362,330.4080815897098,NA,NA,NA,NA,NA,NA,NA,NA,NA,Lowland
yb12,23.5,BEAL,2060.70959056265,0,0.364624288613324,208892.911602739,NA,NA,3.1558114548124774,2.781668588995393,2.788117921904073,NA,NA,2.26114740163895,1.071490570977669,1.0416752160680014,NA,NA,19.6,19.6,19.6,44.916666666666664,143.25,15.85,11,19.75,34.95626151012891,42.73829087921118,NA,53.7427004070076,74.63677130044843,NA,0.5425639865999362,0.5352670722517509,NA,960.5226516723601,56.4723964780569,244.99581538822125,48.99362788966976,215.40943533182173,71.79730385541914,NA,NA,NA,96.79836069939749,0,803.74091863632,0,NA,NA,NA,NA,588.5868121740738,0,1391.00879430771,302.20672488212546,NA,NA,NA,NA,621.938160387112,0,NA,NA,NA,NA,NA,NA,NA,NA,NA,Lowland
yb13,22.5,BEAL,8314.32789806168,0,0.542616772872636,202866.701052565,NA,NA,2.2388089720132314,2.201659279748918,1.4479150922773116,NA,NA,0.8718996230000323,0.46345857586673295,6.171453503471621,NA,NA,19.3,19.3,19.3,44.916666666666664,143.25,15.85,11,19.75,35.08012633056497,42.51226953176814,NA,54.036036036036016,73.9501615136133,NA,0.5328667714793216,0.5373400592824854,NA,672.0228609882806,258.4092178713345,311.3613429247135,44.47315069700036,184.56138899352277,0,341670.27283192624,423145.24571621104,113748.73769802002,0,0,714.5792925204231,0,7790.50565735707,4502.382538269244,8601.942014639122,4639.367943412312,529.195568964611,52.9046141059487,534.7609254130049,59.40173090803847,260277.11647250334,77296.10112293437,839224.2560902619,410119.44558926165,1234.8721225487104,336.6038886387235,NA,NA,NA,NA,NA,NA,NA,NA,NA,Lowland
yb14,20.5,BEAL,9856.75693096176,0,0.666263994229777,191843.637354558,NA,NA,2.46304007518604,2.755373643833503,1.9008254832440403,NA,NA,0.07426404421932854,0.04435190426387678,1.615132669982869,NA,NA,20.2,20.2,20.2,50.6,191,15.375,10,21,45.09375,NA,NA,82.12862834376777,NA,NA,0.5060794148590096,NA,NA,NA,NA,48.412093725390044,0,NA,NA,111814.99596390322,164593.92376406965,41816.031013725835,48.95304156813075,0,NA,NA,8605.841273875616,5107.025833462783,5358.7706097250575,2788.7711453629863,794.1436446355464,0,NA,NA,270425.6414090391,56529.759698706664,552618.0640463176,270344.3555755089,177.3539105218331,0,NA,NA,NA,NA,NA,NA,NA,NA,NA,Lowland
yb15,23.5,BEAL,2898.74983764835,189.160859862797,0.386589701479486,213146.210209465,NA,NA,1.6365886994169383,0.979197566124876,1.8320273590068328,NA,NA,0.15609130944221783,0.1009193698355351,0.09357961138089035,NA,NA,20,20,20,23.155555555555555,300.75,15.15,2.6666666666666665,12.375,45.22543988269794,52.07079328002875,42.58266309204647,82.56650493558641,108.64104967197753,74.16342412451361,0.5738639086724152,0.5122241848364288,0.5484792850079091,NA,NA,297.63524206346005,99.20045012665203,NA,NA,151.4339766932271,0,0,323.1078651085543,92.30430341837784,NA,NA,842.6550375037949,182.02460619557897,782.0664301957247,97.66264717177604,808.7553900297853,0,NA,NA,40721.949543135954,6449.570978780199,82516.93272354595,15696.810354100604,1231.1373799598027,447.4850038667776,NA,NA,NA,NA,NA,NA,NA,NA,NA,Lowland
yb16,22,BEAL,NA,NA,NA,NA,NA,NA,NA,NA,NA,NA,NA,NA,NA,NA,NA,NA,NA,NA,NA,NA,NA,NA,NA,NA,NA,NA,NA,NA,NA,NA,NA,NA,NA,NA,NA,NA,NA,NA,NA,NA,NA,NA,NA,NA,NA,NA,NA,NA,NA,NA,NA,NA,NA,NA,NA,NA,NA,NA,NA,NA,NA,NA,NA,NA,NA,NA,NA,NA,NA,Lowland
yb2,27,BEAL,620.625409717801,0,0.31089617283222,211070.335539472,NA,NA,1.368673468038622,1.644298574181938,1.3815520375656425,NA,NA,0.1628094479330196,0.07736817872942543,0.8700422129291258,NA,NA,17.1,17.1,17.1,49.641666666666666,140.75,15.65,10.125,NA,44.99999999999999,NA,NA,81.81818181818178,NA,NA,0.5048312584573464,NA,NA,NA,NA,654.2992321929295,100.62726266172574,NA,NA,60230.99806413766,NA,NA,2302.9762253082604,627.4396687911308,NA,NA,8830.780623058898,6494.217754389363,NA,NA,594.93932728406,0,NA,NA,155871.91382189226,57797.76575045972,NA,NA,29289.56907910474,5376.770073296624,NA,NA,NA,NA,NA,NA,NA,NA,NA,Lowland
yb3,28,BEAL,862.169885612056,0,0.320191523270478,194429.544896443,NA,NA,1.8921019478021883,1.4381523940308678,1.5338027162748549,NA,NA,0.02702074523238655,0.02654616981605277,0.03959930421692276,NA,NA,24.4,24.4,24.4,13.266666666666667,303.5,18.1,8.625,14.875,39.69777189499228,34.260166585007354,NA,65.83135174684472,52.11477547978388,NA,0.524897772914856,0.5152965698251384,NA,1528.1057030867412,122.14906170716137,445.9867255512944,40.5345330776606,918.7630703353502,54.017855009532965,0,0,0,683.8933076291621,48.83119452491131,2437.9954165272798,0,642.6153725578796,55.03267487728599,259.0926069962351,17.266770639614766,1467.2312502396933,0,1235.460762178979,0,66327.85610265091,15212.991494564698,106738.60248766464,14877.089561774708,412.3443753698758,0,NA,NA,NA,NA,NA,NA,NA,NA,NA,Lowland
yb4,31,BEAL,64913.9699130552,60019.2542758716,0.714366597768307,84049.5447863819,NA,NA,1.0340096253813382,0.8806215646405043,0.9401845173217565,NA,NA,0.28364898598023003,0.5133729635603725,0.2230941627456768,NA,NA,21,21,20.9,17.875,423,18,15.125,16.125,41.27218934911242,43.21920853712761,39.30911256700416,70.2770780856423,76.11589663273296,64.76938174681058,0.5717516439926774,0.4904294538227702,0.5546273213391235,4512087.827559319,3475062.659575281,1852.9588872873348,0,5851870.184075342,163.84078244407118,376.1458398,0,0,839.3494810183696,88.31280398064627,2498.870143218515,131.33931591552738,859.1656923294059,58.5130825638771,267.8199124309056,38.24689284289851,1305.0138388468808,0,1227.9322585947577,490.9633569521448,81922.8698730468,10809.468841552742,42149.7427615228,5409.446790253705,9300.212778982017,711.7304155191067,NA,NA,NA,NA,NA,NA,NA,NA,NA,Lowland
yb5,31,BEAL,7883.99235068957,2338.21155434911,0.534925146490701,203489.879715603,NA,NA,1.3169478301726114,1.7457275707909363,1.9145230667161308,NA,NA,0.28304704206484343,0.2091756405688057,0.6134788735056307,NA,NA,25.5,25.5,25.5,43.983333333333334,288,14.9,7.833333333333333,17.75,37.951388888888886,48.06909560210464,43.4925546315993,61.16396194739786,92.5635633722042,76.9678302532512,0.5147204976397555,0.5022389336231227,0.5484792850079091,305.58312417201296,50.92272921553196,157.09272651515153,0,774.8047417064859,119.15380381188326,8575.882598455599,391785.19292709,141466.50821790795,517.0353885852932,155.07912771268334,778.679605924861,64.86215575967192,1118.2641660844954,186.1226432111734,7845.928362750142,3831.337351317804,394.57728484848485,0,688.9658294758705,0,72503.41172384015,2237.2317130040933,325299.39424007456,184960.56652944034,2508.681651317712,455.59902985890676,NA,NA,NA,NA,NA,NA,NA,NA,NA,Lowland
yb6,20,BEAL,NA,NA,NA,NA,NA,NA,NA,NA,NA,NA,NA,NA,NA,NA,NA,NA,NA,NA,NA,NA,NA,NA,NA,NA,NA,NA,NA,NA,NA,NA,NA,NA,NA,NA,NA,NA,NA,NA,NA,NA,NA,NA,NA,NA,NA,NA,NA,NA,NA,NA,NA,NA,NA,NA,NA,NA,NA,NA,NA,NA,NA,NA,NA,NA,NA,NA,NA,NA,NA,Lowland
yb7,22.5,BEAL,NA,NA,NA,NA,NA,NA,NA,NA,NA,NA,NA,NA,NA,NA,NA,NA,NA,NA,NA,NA,NA,NA,NA,NA,NA,NA,NA,NA,NA,NA,NA,NA,NA,NA,NA,NA,NA,NA,NA,NA,NA,NA,NA,NA,NA,NA,NA,NA,NA,NA,NA,NA,NA,NA,NA,NA,NA,NA,NA,NA,NA,NA,NA,NA,NA,NA,NA,NA,NA,Lowland
yb8,25.5,BEAL,NA,NA,NA,NA,NA,NA,NA,NA,NA,NA,NA,NA,NA,NA,NA,NA,NA,NA,NA,NA,NA,NA,NA,NA,NA,NA,NA,NA,NA,NA,NA,NA,NA,NA,NA,NA,NA,NA,NA,NA,NA,NA,NA,NA,NA,NA,NA,NA,NA,NA,NA,NA,NA,NA,NA,NA,NA,NA,NA,NA,NA,NA,NA,NA,NA,NA,NA,NA,NA,Lowland
yb9,25,BEAL,7295.19978686272,0,0.518730533626562,197341.485890242,NA,NA,1.9504639006334803,2.1473022899581906,2.573926470118081,NA,NA,0.5136858066805058,0.2526556344010476,2.8074333159707003,NA,NA,17,17,17,49.875,182,15.75,12,8.75,NA,NA,NA,NA,NA,NA,NA,NA,NA,205.1218574224118,77.18269582269109,284.04577888446215,47.3345826693227,334151.3361546914,6524.540813632221,NA,7455.572270445356,217.4067318240581,663.2379356370977,47.35754142363235,55.96128104195377,0,NA,NA,1490.258666644241,330.58244341340105,682.4700067231076,52.47887898406374,2196.763344190274,81.12173853445475,NA,NA,103308.22258292632,24720.927101618992,2342.47874691192,380.90854348889417,NA,NA,NA,NA,NA,NA,NA,NA,NA,Lowland
ybx1,31.5,BEAL,NA,NA,NA,NA,NA,NA,NA,NA,NA,NA,NA,NA,NA,NA,NA,NA,NA,NA,NA,NA,NA,NA,NA,NA,NA,NA,NA,NA,NA,NA,NA,NA,NA,NA,NA,NA,NA,NA,NA,NA,NA,NA,NA,NA,NA,NA,NA,NA,NA,NA,NA,NA,NA,NA,NA,NA,NA,NA,NA,NA,NA,NA,NA,NA,NA,NA,NA,NA,NA,Lab
ybyb,NA,BEAL,5931.90713273869,52.9625023412965,0.496126766431154,199971.91949211,NA,NA,2.229707319292605,0.405875956866604,2.2633841184480614,NA,NA,0.0451771697683178,0.0274551204806836,0.13403348817106334,NA,NA,25,25,24.6,8.558333333333334,345.75,18.05,10.75,19.125,32.67075491647282,50.10230654761904,38.534866853175835,48.523869346733655,100.41006523765144,62.693863789615655,0.6114046127532108,0.5151045457633441,0.615323430512146,140884.17434692348,110205.60836792024,2161.2836297468357,91.8588359298929,843133.6669921875,0,0,0,0,727.0506665676456,193.82002755288607,594.5374220609662,59.43571776151657,578.4030436727044,0,289.874231815338,0,1115.8526640701073,101.38128724440118,1437.9679262638126,0,37316.1341161197,8430.952411442255,60668.8842773439,6571.30050659181,13046.40393874659,3548.1566695647007,NA,NA,NA,NA,NA,NA,NA,NA,NA,Lowland
